 coordenadas atomicas iniciales
  -1.84665    -1.39927     1.70273
   0.52037     1.09389     1.03542
  -1.99451     1.96649    -0.67812
   0.04934     0.49343     1.58171
  -1.97718     1.98419    -0.63643
   0.20627    -0.26936    -1.41640
   0.62469    -1.59026    -0.25266
  -1.24432     1.72178    -0.18734

energia     =****************************************
paso        =   10
temperatura =   9.5111013047
 drmax       =   1.0000000000000000     
energia     =  -2.2747037868463682031006101
 mejor energia=  -8.8421107672146135     

 coordenadas atomicas
   1.83213    -1.47656    -0.59215
   0.54261     1.10774     2.87008
  -0.50207     0.78254    -2.04827
   0.74977     2.02924     0.11577
  -0.77688     0.08565    -0.64653
  -2.26442    -1.17258    -0.34413
  -0.26371     0.85717    -0.03534
  -2.02308    -0.87023    -1.67983


paso        =   20
temperatura =   9.0461048027
 drmax       =   1.0000000000000000     
energia     =  -1.7584867018954914996697880
 mejor energia=  -8.8421107672146135     

 coordenadas atomicas
  -0.38830     0.89259    -1.47306
  -0.83311     0.28151    -0.70448
  -0.02196    -1.29151    -1.28328
  -0.72888    -1.69805     0.82790
  -1.02483     1.42598    -0.97094
   0.83577     1.41641     0.78059
   1.43340    -0.19543     1.98456
   0.72791    -0.83149     0.83870


paso        =   30
temperatura =   8.6038419191
 drmax       =   1.0000000000000000     
energia     =  13.9081090328953784762688883
 mejor energia=  -8.8421107672146135     

 coordenadas atomicas
  -1.19394     0.09052    -0.39287
  -0.55087    -1.20493     1.30874
   0.24972    -1.34890    -1.61696
   0.18034     0.43718    -0.23272
  -0.06869     0.25806    -1.42975
  -0.59273     0.29731     1.54944
   1.30833     0.33497     1.03202
   0.66785     1.13578    -0.21790


paso        =   40
temperatura =   8.1832012102
 drmax       =   1.0000000000000000     
energia     =  -0.0620907093401300430590695
 mejor energia=  -8.8421107672146135     

 coordenadas atomicas
   2.49190     5.84501    -1.60489
   3.85372     3.74797     2.39002
   0.97861    -1.43486     0.19406
   2.98947    -0.38277     0.06054
   2.91060    -1.17952     3.18753
  -2.74818    -1.80986    -0.61944
  -3.87371    -1.78937    -2.66899
  -4.90493     1.88180    -4.33949


paso        =   50
temperatura =   7.7831255707
 drmax       =   1.0000000000000000     
energia     =  -2.0116298148935745082610538
 mejor energia=  -8.8421107672146135     

 coordenadas atomicas
  -0.00944    -0.19810    -0.16494
   0.12168     0.52556     1.85540
  -1.97273    -1.56727    -0.89107
   0.06180    -1.23866     0.00332
   0.77690    -2.26309    -0.63864
  -1.72325     0.54088     1.43725
   0.97979     0.37956    -1.04858
   1.60551     2.41360    -1.38137


paso        =   60
temperatura =   7.4026095770
 drmax       =   1.0000000000000000     
energia     =   7.2607360437030230571053835
 mejor energia=  -8.8421107672146135     

 coordenadas atomicas
   0.46466    -0.31214    -3.10939
   0.52647    -0.04076     0.29958
   0.95629    -0.12071    -0.74101
  -0.79893     0.11733     0.40766
   0.00555     0.33993     0.90146
   2.04703    -2.37157     0.52973
  -1.23570     0.88414     1.42071
  -1.96537     1.50379     0.29125


paso        =   70
temperatura =   7.0406969605
 drmax       =   1.0000000000000000     
energia     =   0.7362432541546324316072969
 mejor energia=  -8.8421107672146135     

 coordenadas atomicas
   2.15255     0.84335    -0.61413
  -0.77908     1.46468    -0.78783
   0.99097    -0.76088    -0.59812
  -0.61183    -2.06419     1.92579
  -1.13170    -1.20006    -1.09858
  -0.83760    -0.46525    -0.09872
  -0.61068     0.38430    -0.41853
   0.82738     1.79804     1.69012


paso        =   80
temperatura =   6.6964782047
 drmax       =   1.0000000000000000     
energia     =  -1.1553713565540253416230598
 mejor energia=  -8.9798581628084388     

 coordenadas atomicas
  -2.23977     1.18637    -0.35782
  -2.18024     1.94341    -2.69511
   0.35450    -0.66866     0.60412
  -0.49362     1.67672    -0.39390
   1.10629    -2.91542    -1.45369
   1.45742     0.58947     2.38510
  -1.57435    -1.47453    -1.03928
  -0.82707    -2.41668    -1.06840


paso        =   90
temperatura =   6.3690882589
 drmax       =   1.0000000000000000     
energia     =  12.3147654780945181585138926
 mejor energia=  -8.9798581628084388     

 coordenadas atomicas
   2.00889     2.18234     1.97177
  -1.06225     1.75372    -0.01133
   0.26607     0.68373     1.54261
   1.95943     0.67883    -1.20093
   1.01694    -0.80760    -1.43609
  -0.86594    -2.12637    -0.69202
  -1.61345    -0.30963    -0.68467
  -1.70969     2.00000     0.51066


paso        =  100
temperatura =   6.0577043649
 drmax       =   1.0000000000000000     
energia     =  -0.7008031366111413529296215
 mejor energia=  -8.9798581628084388     

 coordenadas atomicas
   1.76425     2.85836    -0.99694
   3.32659     1.36298    -0.75846
  -0.38657     2.89643    -0.54546
   3.39088    -1.81911    -0.82193
  -0.83665    -1.42490     3.25144
  -1.67327    -0.33457    -1.03591
   0.22690     0.18198     1.63923
  -2.74987    -1.11061    -1.10064


paso        =  110
temperatura =   5.7615439888
 drmax       =   1.0000000000000000     
energia     =  -2.8809356500789893296143873
 mejor energia=  -8.9798581628084388     

 coordenadas atomicas
   2.10039     1.11929    -0.88759
   2.08060     1.00342     1.15419
  -0.65103    -1.73570     0.34333
  -0.58255    -0.53074     0.58604
  -2.15490     1.46611     0.75532
   1.99395    -0.12167    -0.44502
  -1.08766    -0.12208    -1.19016
  -1.69880    -1.07863    -0.31610


paso        =  120
temperatura =   5.4798628549
 drmax       =   1.0000000000000000     
energia     =  -3.9072555336973273654166405
 mejor energia=  -8.9798581628084388     

 coordenadas atomicas
   0.97662     0.32905    -0.29159
  -0.10465    -0.18956    -0.38335
  -0.43680    -0.15265     1.43548
  -1.79353    -0.68738    -0.62834
   0.28923    -1.83612    -0.71531
   0.39515     1.47553    -0.13961
   1.47253    -0.40562     0.80261
  -0.79854     1.46676    -0.07988


paso        =  130
temperatura =   5.2119530749
 drmax       =   1.0000000000000000     
energia     =  -2.0416094934148363293502371
 mejor energia=  -8.9798581628084388     

 coordenadas atomicas
   1.68595    -0.32099     0.86504
  -0.47086    -0.66876     1.17160
   1.61870    -0.14905    -0.62809
   1.82214     1.72975     0.52775
  -0.19750    -0.42458     0.07506
   0.96990     0.42431    -1.86742
  -1.30284     1.36425    -0.86026
  -2.39137     0.24665     0.55947


paso        =  140
temperatura =   4.9571413690
 drmax       =   1.0000000000000000     
energia     =  -0.4420071689575868489896493
 mejor energia=  -8.9798581628084388     

 coordenadas atomicas
   2.81274     3.08317    -1.61165
  -0.96171     2.24360     0.18833
   0.31487     4.55956     0.28272
   1.88670     2.02115    -1.37220
   3.75335    -1.50222     0.95276
  -0.43077    -0.74940     0.81226
  -2.35687    -3.84946     5.14394
  -4.79450    -4.73069     0.62754


paso        =  150
temperatura =   4.7147873742
 drmax       =   1.0000000000000000     
energia     =  -1.0346483757919213708476036
 mejor energia=  -8.9798581628084388     

 coordenadas atomicas
   1.08941    -0.78893    -0.88755
  -2.46761    -0.33385     0.10398
   0.38724    -0.14615    -1.15162
   0.33426    -0.92571     0.59211
   1.47300     1.28637    -0.54074
   1.57346     1.58464     1.81989
  -3.10398     0.71852    -2.38074
  -2.46969     0.73624     0.09426


paso        =  160
temperatura =   4.4842820346
 drmax       =   1.0000000000000000     
energia     =  -0.6189059407081217711876775
 mejor energia=  -8.9798581628084388     

 coordenadas atomicas
   1.95676     1.89792     1.85487
   3.41857     3.81616     0.33706
   1.27207     1.29064     1.49096
   3.13152    -1.52445    -0.45657
  -0.16450    -0.65327    -1.04185
  -3.67217    -1.35531    -0.85095
  -1.74278    -1.17522     1.48794
  -2.99630    -1.81150    -1.62362


paso        =  170
temperatura =   4.2650460710
 drmax       =   1.0000000000000000     
energia     =  -0.9807181276706571360080034
 mejor energia=  -8.9798581628084388     

 coordenadas atomicas
   0.74501    -0.67430     2.56712
   1.86536    -0.82394     2.91078
  -1.48976     1.83246     3.11569
   0.18546    -0.30851    -2.10720
  -3.05085    -0.36624    -1.18471
  -1.15972    -1.84042     1.23093
   0.96606     1.84046    -3.29451
  -2.14515     1.13790    -3.89789


paso        =  180
temperatura =   4.0565285250
 drmax       =   1.0000000000000000     
energia     =  -2.2257179568207936526391677
 mejor energia=  -8.9798581628084388     

 coordenadas atomicas
  -1.15953    -1.15782     0.17021
   1.44990     0.65108    -2.07946
   0.26614    -1.21670    -0.68903
   0.36015     1.05387    -0.49125
  -1.48901     0.80654     0.62348
  -0.58087     0.33327     1.48470
   1.40130     1.51728     0.98360
  -0.24808     2.00000    -0.00224


paso        =  190
temperatura =   3.8582053747
 drmax       =   1.0000000000000000     
energia     =3618.9570883694314034073613584
 mejor energia=  -8.9798581628084388     

 coordenadas atomicas
  -0.84635     0.51791     0.50306
  -1.50088     0.03549     1.17382
   1.43865    -0.74020     0.94041
   0.07665     1.21911     1.08438
  -0.83294     1.94562     2.22827
   2.01181    -0.05505    -3.28467
  -1.02313    -0.13382     1.42446
   0.67619    -2.78906     2.00000


paso        =  200
temperatura =   3.6695782173
 drmax       =   1.0000000000000000     
energia     =  -3.0584000114291134408972539
 mejor energia=  -8.9798581628084388     

 coordenadas atomicas
  -0.43153     3.38360    -1.14552
   1.03827     4.57974     0.08250
   0.01654    -1.06034    -0.34662
  -0.82247    -1.27227     0.23653
  -0.34964    -2.15772     0.24512
   0.34159    -0.31089     0.56557
  -1.97635    -0.80639     1.15781
   0.21288    -2.50516    -1.93901


paso        =  210
temperatura =   3.4901730170
 drmax       =   1.0000000000000000     
energia     =  -1.3672531119216604356125799
 mejor energia=  -8.9798581628084388     

 coordenadas atomicas
  -1.04403    -0.26848     1.89720
  -0.22702     1.14174     0.95948
   0.52136    -0.79564     1.85452
   0.62792    -0.71329     0.28438
   0.05641     0.66890    -2.06507
   1.50772    -0.28267     0.16217
   0.23389    -0.38848    -1.25325
   2.00000     0.63793     2.00000


paso        =  220
temperatura =   3.3195389135
 drmax       =   1.0000000000000000     
energia     =  -1.3380475030018070814463726
 mejor energia=  -8.9798581628084388     

 coordenadas atomicas
  -0.94173    -0.36276     1.01369
  -0.04993    -2.47747     2.28427
  -0.31730    -0.94236    -2.51043
   2.46853     0.19249     0.31415
  -0.99169     0.49973    -0.75047
   0.86378    -0.57144    -1.14891
  -3.27163     1.37661    -2.77857
   0.67800    -1.57971    -0.77240


paso        =  230
temperatura =   3.1572470891
 drmax       =   1.0000000000000000     
energia     =  -2.2361622571266086545449525
 mejor energia=  -9.8044719516205170     

 coordenadas atomicas
   0.20366     1.05234     0.10554
  -0.14409     2.68904     0.60945
   1.90849    -1.46901    -1.03847
   0.26636    -1.92955     2.21603
   0.08856    -1.00125    -0.70849
  -0.53058     2.75047    -1.70647
   0.68122    -1.80212    -1.06776
  -1.15340     0.37738    -0.18105


paso        =  240
temperatura =   3.0028896909
 drmax       =   1.0000000000000000     
energia     =  -2.9112715428328632683019350
 mejor energia=  -9.8044719516205170     

 coordenadas atomicas
  -1.28177     0.36460    -1.32297
   1.43643     1.19471    -2.24130
  -0.75171    -0.07667     0.86663
  -0.01024     0.89877    -2.17204
   0.98804    -0.35840    -1.73500
  -0.67925     2.00622     1.34645
   0.68441    -1.73363    -1.56947
  -0.14447    -0.27664    -0.97422


paso        =  250
temperatura =   2.8560788056
 drmax       =   1.0000000000000000     
energia     =  -0.2571046754732164152379426
 mejor energia=  -9.8044719516205170     

 coordenadas atomicas
   1.57593     0.83205     1.00648
   1.44103     2.20742    -1.86864
  -0.78761    -1.02951     1.19014
   0.49040    -1.13199     3.24732
  -0.05417     1.37756     2.56024
  -0.67168     1.73809    -1.12827
  -1.00632     0.33310    -2.15165
  -1.68271    -3.13657    -0.30648


paso        =  260
temperatura =   2.7164454855
 drmax       =   1.0000000000000000     
energia     =  -2.8500777190874839739365143
 mejor energia=  -9.8044719516205170     

 coordenadas atomicas
   1.73268    -0.56369     1.34680
   1.34862     1.60035    -1.30394
   1.05212    -0.08218    -0.26295
   0.06205    -2.53081    -1.13102
  -0.83829     0.76592     1.45973
  -1.29005    -0.44687     1.19620
  -2.24563     0.89284    -2.86200
   0.96021     1.03254    -0.44568


paso        =  270
temperatura =   2.5836388201
 drmax       =   1.0000000000000000     
energia     =  -0.7332189768781215422066566
 mejor energia=  -9.8044719516205170     

 coordenadas atomicas
  -1.17816     2.10022     0.16405
   0.05093     3.27943     0.90662
   0.17652    -1.93578    -2.18531
  -2.96784    -1.73452    -0.83737
  -0.11243     1.71847    -0.63020
  -1.95152    -0.26550     1.05838
   1.88897     0.14089    -0.39839
   0.81928    -1.74358     0.17189


paso        =  280
temperatura =   2.4573250552
 drmax       =   1.0000000000000000     
energia     =  -2.9659420152167990103464490
 mejor energia=  -9.8044719516205170     

 coordenadas atomicas
   0.52335    -0.23488     0.98258
  -0.37077     1.54889     0.46285
  -0.94835     1.30352    -0.96593
   0.96623     1.31068     1.45473
  -1.11120    -0.39554     0.37712
  -0.04194    -1.54093    -0.53849
   1.50654    -1.92842    -1.20965
  -0.52387    -0.06330    -0.56322


paso        =  290
temperatura =   2.3371867539
 drmax       =   1.0000000000000000     
energia     =  -1.8173161733631753023132660
 mejor energia=  -9.8044719516205170     

 coordenadas atomicas
   0.28413     2.62154     2.90250
   1.86294     1.15030     2.64111
   0.48738    -1.07873     2.43087
  -1.68501    -1.01898    -1.06482
  -0.59959    -1.92444    -0.25037
   0.51328    -0.86921    -0.99567
   1.30411    -1.00113    -2.19900
   2.00000     2.00000     2.00000


paso        =  300
temperatura =   2.2229219984
 drmax       =   1.0000000000000000     
energia     =  -3.9873846274115689602979273
 mejor energia=  -9.8044719516205170     

 coordenadas atomicas
   0.63847    -0.63429     0.49397
  -2.12988     2.32461    -0.12034
   1.46054    -0.21129    -0.12378
  -0.46335    -1.00361    -0.09451
   0.31559     1.04340    -0.00260
  -0.38980    -0.32044     1.15185
   1.92186     0.15338    -2.23145
  -1.35344     2.00000     0.92686


paso        =  310
temperatura =   2.1142436319
 drmax       =   1.0000000000000000     
energia     =  -3.7183651029697948331431689
 mejor energia=  -9.8044719516205170     

 coordenadas atomicas
  -0.71658     1.44054    -0.21810
  -0.67477    -0.92560     1.94435
   0.38059    -0.85966    -0.26254
  -0.71899     1.50366    -1.64364
   1.94621    -0.93420    -0.29699
   1.01457     0.14906    -0.42280
  -0.95011    -1.33959     0.17303
  -0.28092     0.96578     0.72669


paso        =  320
temperatura =   2.0108785366
 drmax       =   1.0000000000000000     
energia     =  -1.1058364060572549725236513
 mejor energia=  -9.8044719516205170     

 coordenadas atomicas
   0.38212     0.10435     0.97118
   0.61375     1.59267     1.19258
   0.10940    -1.37786     0.98051
   1.23277     1.03560    -1.32526
  -0.77299     1.55066     0.30400
  -2.01474    -1.24470    -0.73616
   2.14520    -0.83761     1.47310
  -1.69552    -0.82311     2.00000


paso        =  330
temperatura =   1.9125669473
 drmax       =   1.0000000000000000     
energia     =  -2.6851278911191349685338992
 mejor energia=  -9.8044719516205170     

 coordenadas atomicas
   2.87563    -0.93902     2.42803
  -2.02551     1.55144     2.96259
  -0.81426    -0.02056     0.00779
  -0.82182     1.19055    -0.29019
   0.52466     1.36588    -1.97135
  -2.37370    -1.30764    -1.24741
  -0.70790     0.11536    -1.15395
  -1.63477     0.55167     1.64081


paso        =  340
temperatura =   1.8190617988
 drmax       =   1.0000000000000000     
energia     =  -1.8285225177099291293814076
 mejor energia=  -9.8044719516205170     

 coordenadas atomicas
  -0.31874    -0.37398     0.08155
  -1.90397     1.49962     1.42565
   0.73294     1.42615     0.30296
  -1.27296     2.32669     1.33519
   0.79291    -0.87610     1.79521
   0.83048    -2.56893    -1.46299
  -1.63135    -1.40582    -2.79782
  -0.35245    -1.27033     1.45188


paso        =  350
temperatura =   1.7301281047
 drmax       =  0.32557130579678251     
energia     =  -3.6274655609502155506618237
 mejor energia=  -9.8044719516205170     

 coordenadas atomicas
   0.84332     0.23612     0.27211
   0.82015    -0.27481    -0.89162
  -0.32383     0.23805    -0.61772
   0.13237    -1.28363     0.44937
   0.19968     0.96014    -1.08432
  -1.19794    -0.30367     1.98601
  -1.11217    -1.56352    -0.47991
   0.63842     1.99132     0.36608


paso        =  360
temperatura =   1.6455423674
 drmax       =  0.32557130579678251     
energia     =  -2.8418481846327652284855958
 mejor energia=  -9.8044719516205170     

 coordenadas atomicas
   0.68486     0.71662    -0.83639
  -1.10422    -0.88675     1.26266
   0.10720     0.58408     0.12958
   0.13533     0.62204     1.74840
   2.03560    -1.21058    -1.48555
  -0.02719    -1.62225     0.01260
  -1.68932     1.29227    -0.11658
  -0.17567     1.10887    -1.33493


paso        =  370
temperatura =   1.5650920158
 drmax       =  0.29530277169776192     
energia     =  -1.7959047099129581415155599
 mejor energia=  -10.954240496402974     

 coordenadas atomicas
  -1.70205     2.65757     1.41412
  -1.19748     0.79242    -0.17345
  -0.85351    -1.36170    -1.39313
   0.28366    -1.25824    -0.27316
  -0.62753     0.19640     0.96443
   1.19857     0.58846    -1.57078
   0.92666    -1.05803     1.95062
   1.00736    -0.30865    -1.11397


paso        =  380
temperatura =   1.4885748713
 drmax       =  0.32557130579678251     
energia     =  -2.0375562684949093394948250
 mejor energia=  -10.954240496402974     

 coordenadas atomicas
  -1.49232     0.89400    -0.38284
   0.41044     0.51897    -0.37039
   0.23303    -0.52150     1.84485
   1.82386     1.11557     0.75624
  -0.52484    -1.70089    -0.28345
  -1.03505    -1.52019    -2.00196
   0.06721     0.39563    -1.42892
   0.18495     1.14247     1.09597


paso        =  390
temperatura =   1.4157986401
 drmax       =  0.26784831900023753     
energia     =  -2.0862527346536934302889676
 mejor energia=  -10.954240496402974     

 coordenadas atomicas
  -0.92614    -1.13475    -0.13740
  -1.35642    -1.93106     1.18201
   0.95387     0.81501    -0.75563
  -1.73373     0.63972    -1.90243
  -0.94108    -0.41579    -1.77923
   0.93585    -0.33553     1.96525
   2.08935     1.10132     1.08876
   1.43222     1.81836     0.18024


paso        =  400
temperatura =   1.3465804293
 drmax       =  0.26784831900023753     
energia     =  -2.2425314182729776391056475
 mejor energia=  -10.954240496402974     

 coordenadas atomicas
  -0.77402     0.18786    -0.30107
   0.30939    -1.67483     0.82420
  -1.66505     1.40668    -1.43848
  -1.09864    -0.98494     1.03617
   1.54277     1.04027    -0.39276
   1.38808     1.60608     1.63364
  -1.43853    -0.81749    -0.31121
   1.22213    -0.75848    -0.30379


paso        =  410
temperatura =   1.2807462878
 drmax       =  0.22035947491034086     
energia     =  -4.0717831927414929182873493
 mejor energia=  -10.954240496402974     

 coordenadas atomicas
   0.23074    -1.33533    -0.23368
   0.90081     1.85307    -0.29422
   1.54882     0.41818    -0.03903
   0.47394     1.19356     0.40872
  -0.84777    -1.33340    -0.28372
   0.47841    -0.57788    -0.97118
  -1.54190    -0.68753     1.93862
  -1.24306     0.46933    -0.52551


paso        =  420
temperatura =   1.2181307688
 drmax       =  0.26784831900023753     
energia     =  -4.4961303942253270093942774
 mejor energia=  -12.156492731435568     

 coordenadas atomicas
   1.99863     0.66613    -0.99629
   1.99272    -0.43999    -0.57740
  -1.75713    -0.56274     1.34304
  -0.75285    -0.19580    -1.03001
  -0.09816     0.12024     0.52348
   0.80640     0.85223    -0.86926
  -0.92949     0.74031     1.23946
  -1.26012    -1.18039     0.36698


paso        =  430
temperatura =   1.1585765145
 drmax       =  0.22035947491034086     
energia     =   7.5537422452193183630697604
 mejor energia=  -12.156492731435568     

 coordenadas atomicas
   0.17916     1.99996    -0.23780
  -0.01430    -0.70306    -0.02160
   1.88850     0.75754     1.81821
   1.61457    -0.31172    -0.70815
  -0.55798    -1.57741     0.12433
  -0.87159    -0.13091    -0.06289
  -1.29864     1.24871    -0.30888
  -0.93971    -1.28312    -0.60321


paso        =  440
temperatura =   1.1019338598
 drmax       =  0.22035947491034086     
energia     =  -3.1152651891536504713542399
 mejor energia=  -12.156492731435568     

 coordenadas atomicas
   0.04493     0.29103     0.03026
  -0.19190    -1.42759    -1.46928
   2.00539    -0.47753    -1.16173
   0.75962    -0.20101     0.62659
   1.38729     0.63062     0.12800
  -1.93859     0.54278    -1.08327
  -1.44278     0.94480     1.24488
  -0.62396    -0.30311     1.68454


paso        =  450
temperatura =   1.0480604572
 drmax       =  0.19987253960121618     
energia     =  -2.2698580349023664837204706
 mejor energia=  -12.156492731435568     

 coordenadas atomicas
  -1.09425    -0.75249     2.03283
   1.07980     0.02291    -1.06153
  -0.01168    -1.37352    -0.24532
   0.34509     1.70141     0.02325
   1.07610     0.59963    -0.20081
  -1.14743    -0.56465    -1.15493
   0.70414    -0.78882     1.31904
  -0.95177     1.15553    -0.71253


paso        =  460
temperatura =   0.9968209182
 drmax       =  0.18129028535257705     
energia     =  -3.2743600510713402051976573
 mejor energia=  -12.156492731435568     

 coordenadas atomicas
   0.80309    -1.53922    -1.51654
   0.69504     0.26049    -0.14031
  -1.27544    -0.42132     0.04060
  -0.22512    -1.37937     0.66423
   0.91791     1.37807     0.50647
  -1.67711     1.42966    -0.94102
  -1.07302     0.14575     1.07367
   1.69637     0.11113     0.66013


paso        =  470
temperatura =   0.9480864735
 drmax       =  0.18129028535257707     
energia     =  -3.7678350693910043212042638
 mejor energia=  -12.156492731435568     

 coordenadas atomicas
   0.26014    -0.27353    -1.01750
  -0.71713    -0.48841    -0.31660
   1.05440     0.16826     0.10088
  -0.59929     1.73352     1.32677
  -1.69672    -0.46483     0.77297
   2.01545    -0.09569    -0.67215
   0.34192     0.21248     1.48159
  -0.92521    -0.83639    -1.73993


paso        =  480
temperatura =   0.9017346495
 drmax       =  0.16443563297285901     
energia     =  -4.7764650710302012370789271
 mejor energia=  -12.156492731435568     

 coordenadas atomicas
  -1.59207    -1.32182    -0.27793
   0.90336    -0.27434    -0.30895
  -1.35967    -0.07260    -0.10259
   1.32809    -1.15525    -0.90340
  -0.38144     1.56065    -0.13115
   1.78358    -0.47972     0.51557
  -1.59731     1.02969     1.07948
   0.91547     0.71339     0.12896


paso        =  490
temperatura =   0.8576489602
 drmax       =  0.16443563297285901     
energia     =  -1.8552814207070942309485417
 mejor energia=  -12.639173011101551     

 coordenadas atomicas
  -1.80275     1.18906     2.19714
  -0.05779    -0.82755     1.21362
   2.14745    -0.00838     1.22716
  -0.97289     1.09774    -1.33151
   1.51240    -0.67243     0.36010
  -2.00532     2.05788    -1.40197
  -0.16717    -0.82053    -1.95634
   0.23577    -1.66851    -0.10419


paso        =  500
temperatura =   0.8157186144
 drmax       =  0.12270440108003686     
energia     =  -3.4811470653564580146621665
 mejor energia=  -13.308936848308772     

 coordenadas atomicas
  -0.60485    -0.55858    -0.62710
   1.79847    -0.65551    -0.88230
  -1.62864    -0.41930    -1.17248
   0.63585     1.80529     0.06074
   0.68430    -0.07944    -0.18234
  -0.66487     1.82486     0.75453
  -0.18394    -1.73495     1.13451
  -0.03632    -0.18237     0.91443


paso        =  510
temperatura =   0.7758382378
 drmax       =  0.12270440108003686     
energia     =  -3.8575336391789818435427151
 mejor energia=  -13.568291562999914     

 coordenadas atomicas
  -1.19129    -0.99378    -0.55941
   2.15074     1.37407    -0.32310
  -0.21170    -0.02287    -1.12043
  -1.19302     1.34881     0.19387
   0.62260    -0.38679    -0.49854
  -0.88074     0.17796     0.14046
   2.11880    -0.45836     1.29757
  -1.63579    -1.04304     0.98325


paso        =  520
temperatura =   0.7379076075
 drmax       =  0.11129650891613320     
energia     =  -9.4010493515136186459812961
 mejor energia=  -13.568291562999914     

 coordenadas atomicas
  -0.88937     0.62676    -0.61755
   0.11839    -1.52692    -0.61988
   0.18143    -0.77978     0.21407
  -0.32727     0.22650     0.24181
   1.36124     0.21849     1.43148
  -0.57530    -0.54608    -0.86907
   0.26213     0.23485     1.11094
  -0.13125     1.54617    -0.89180


paso        =  530
temperatura =   0.7018314009
 drmax       =  0.13528160219074065     
energia     =  -2.1486111152546918390271458
 mejor energia=  -13.580410475006248     

 coordenadas atomicas
   1.32661    -0.33491     0.50485
   1.06715    -1.54819     1.95671
  -1.20979     0.27549     1.70682
  -1.55326     0.79552     0.61337
   0.59225    -0.88873    -1.33031
  -0.66568     0.02995    -1.39141
   1.37459    -0.21104    -1.32014
  -0.95183     1.84143    -0.94999


paso        =  540
temperatura =   0.6675189553
 drmax       =  0.11129650891613320     
energia     =  -7.4620238147186341848282609
 mejor energia=  -13.580410475006248     

 coordenadas atomicas
  -0.86680     0.30691    -0.43675
  -0.34252    -0.13929     0.58806
  -0.05481    -1.20541     0.71531
   1.59033     1.34583    -0.89090
   0.16240    -0.66210    -0.24880
  -0.67168    -0.29816     1.66230
  -0.20616    -1.16111    -1.22099
   0.83829     1.83658     0.23383


paso        =  550
temperatura =   0.6348840406
 drmax       =   9.1563913320999515E-002
energia     =  -7.2623333582667548569133942
 mejor energia=  -15.748944539815511     

 coordenadas atomicas
  -0.93482    -0.01700    -0.92185
  -1.42568    -1.38345    -0.14642
   1.78652     1.60708     1.91621
   0.51444     0.10835    -0.44317
  -0.65605    -0.56903     0.12300
   0.83436     1.14757     0.55827
   0.35984     0.15159     0.64219
  -0.33057    -0.88030    -1.47812


paso        =  560
temperatura =   0.6038446427
 drmax       =   8.3051168545124274E-002
energia     =  -6.0359837099190531972681129
 mejor energia=  -17.243204801410368     

 coordenadas atomicas
  -1.54403    -0.90138    -0.51435
   1.12673    -0.32853     0.26386
  -0.08639    -0.00602     0.03464
  -1.30756     1.77730    -0.18211
   0.82712    -1.43464    -0.61614
  -0.85161     0.78998    -0.40534
   0.12826    -1.03074     0.05277
   1.59052     1.03182     1.43112


paso        =  570
temperatura =   0.5743227569
 drmax       =   9.1563913320999529E-002
energia     =  -6.6010095508755473048267959
 mejor energia=  -17.243204801410368     

 coordenadas atomicas
   0.14180    -1.26217    -0.10959
  -0.39721     0.08077     1.28035
   0.12958     1.13431     0.95896
   0.23716     0.48112    -1.77999
   0.93412     2.00097    -0.24641
   0.49799    -0.32766    -0.40107
  -1.04927    -1.61369    -0.03270
  -0.49416    -0.49365     0.33045


paso        =  580
temperatura =   0.5462441923
 drmax       =   6.8326401896431438E-002
energia     = -10.1359261042814559061753243
 mejor energia=  -17.243204801410368     

 coordenadas atomicas
  -0.34679    -0.58610     0.30016
   0.19918     0.40050     0.68204
   0.53275     1.59409    -0.54623
   0.76867    -0.49916    -0.10131
  -0.81818     0.26943     0.85668
   0.40782     0.41077    -0.42802
  -0.72986     0.14840    -0.92919
  -0.01359    -1.73794     0.16587


paso        =  590
temperatura =   0.5195383850
 drmax       =   7.5329858090815674E-002
energia     =  -9.0025756964038237128988840
 mejor energia=  -17.243204801410368     

 coordenadas atomicas
   0.56473     1.96498     0.79159
   0.42330    -1.07700    -0.25513
  -0.21042     0.67305    -0.78216
  -0.92239    -0.25672    -0.86463
  -1.03874    -0.05930     0.43355
  -0.27919    -0.90742     0.59649
   0.24845    -0.01826    -0.21923
   1.21425    -0.31933     0.29952


paso        =  600
temperatura =   0.4941382211
 drmax       =   6.1974060677035307E-002
energia     =  -9.5558691115876470689727284
 mejor energia=  -17.243204801410368     

 coordenadas atomicas
  -0.66718    -0.27859    -0.49104
  -0.12716    -0.01678     0.51545
  -0.86392    -0.97610     0.20338
  -0.12846     1.15276     0.38865
   1.63144    -0.69653     1.70684
  -0.40025     1.23572    -0.80139
   0.24581     0.49015    -0.40352
   0.26420    -0.74836    -1.11483


paso        =  610
temperatura =   0.4699798679
 drmax       =   6.8326401896431438E-002
energia     =  -6.7570887298663215858596232
 mejor energia=  -17.243204801410368     

 coordenadas atomicas
  -0.80551    -0.49970     0.47223
   0.17937     1.15177     0.47841
  -1.45407    -1.18284    -0.18510
   1.99583    -0.12706    -1.21416
   0.66332     0.30906    -0.34409
   0.47475     0.05951     1.17495
  -0.99157     0.70868     0.49157
  -0.11946    -0.28216    -0.87589


paso        =  620
temperatura =   0.4470026135
 drmax       =   6.1974060677035307E-002
energia     = -11.4529465067539515388261862
 mejor energia=  -17.243204801410368     

 coordenadas atomicas
  -1.41724     0.25246     0.29053
  -0.13241    -0.58327    -0.48345
   0.61559    -0.32451     0.43909
  -0.21718     0.42678     0.34771
   0.75631     0.93602    -0.12506
   1.12415    -0.73756    -0.51505
   0.25685     0.23131    -1.11111
  -0.91415    -0.24439     1.06180


paso        =  630
temperatura =   0.4251487141
 drmax       =   5.6212299933818863E-002
energia     =  -9.8802292092140824308899028
 mejor energia=  -17.590598266732840     

 coordenadas atomicas
   0.62433    -0.74255     0.60079
   0.49797     0.44147    -0.92228
  -0.02945     0.30645     0.84297
  -0.50181     0.08083    -0.39132
  -0.98441     0.47788     0.42738
   0.46051    -1.27093    -0.35708
  -0.48359    -0.81977     0.60647
   0.41645     1.52662    -0.80693


paso        =  640
temperatura =   0.4043632489
 drmax       =   5.0986213091899192E-002
energia     = -12.7915208106603497384412549
 mejor energia=  -17.590598266732840     

 coordenadas atomicas
  -0.85382    -1.28165    -0.83556
  -0.31722    -0.00314    -0.75366
   0.20902    -0.08297     0.58979
   0.29391     1.08479     0.90653
  -0.54256     0.61302     0.18268
   1.20752     1.00349     0.23078
   0.54138    -0.60125    -0.45624
  -0.53823    -0.73228     0.13568


paso        =  650
temperatura =   0.3845939824
 drmax       =   4.6245998269296325E-002
energia     = -11.8592580233900921626855052
 mejor energia=  -17.912625178913782     

 coordenadas atomicas
   0.67531     0.78277     1.18355
  -0.25482    -0.73797    -0.39812
  -0.94497    -0.71610     0.53033
  -0.67294     0.33409     0.77766
   0.94546     0.16309    -0.97790
  -0.04414    -0.06026    -1.48383
   0.29280    -0.08358     0.67814
   0.10823     0.39017    -0.26715


paso        =  660
temperatura =   0.3657912328
 drmax       =   3.8046697225371164E-002
energia     = -13.1697073554704537912130036
 mejor energia=  -18.122692014237813     

 coordenadas atomicas
  -1.01788     0.37291    -0.30872
  -0.11940     0.49023     0.52504
   0.43093     0.42643    -0.47670
  -0.30368    -0.67491     0.94949
   0.01649    -0.57361    -0.21962
   0.28878     1.42594     0.01641
  -0.22789    -1.28394    -1.04502
   0.78808    -0.17807     0.57463


paso        =  670
temperatura =   0.3479077471
 drmax       =   3.4509475941379743E-002
energia     = -14.1795007779324446772761803
 mejor energia=  -18.486358304689080     

 coordenadas atomicas
   0.69674     0.12691    -0.09237
   0.18475    -0.77515     0.24545
   0.40159     0.29696     1.15712
   0.29849     0.99012     0.20857
  -0.19883    -0.35590    -0.75470
   0.17685     0.63977    -0.82838
  -0.44976     0.23503     0.14927
  -1.10981    -1.15774    -0.08496


paso        =  680
temperatura =   0.3308985828
 drmax       =   3.8046697225371164E-002
energia     = -12.9193119922011590006150072
 mejor energia=  -18.486358304689080     

 coordenadas atomicas
  -0.59765     0.41427     0.25038
  -0.23136    -0.48542     0.61519
  -0.45264    -1.49776     0.37592
  -0.18453    -0.36562    -0.57198
   0.08306     1.19826    -0.99596
   0.47559     0.31912     0.12134
   0.51647    -1.01474    -0.10504
   0.37413     1.46535     0.22593


paso        =  690
temperatura =   0.3147209942
 drmax       =   3.8046697225371164E-002
energia     = -13.0540197667643056433917081
 mejor energia=  -18.771846813262535     

 coordenadas atomicas
  -0.04036    -0.21218    -0.69397
  -0.84979     0.75556     0.27036
  -0.11854     0.89397    -0.75400
  -1.14452     0.05947    -0.53369
   0.96831     0.38133     0.01618
   0.18366    -1.16981     0.47599
  -0.02376    -0.06297     0.52733
   1.04648    -0.58388     0.65782


paso        =  700
temperatura =   0.2993343259
 drmax       =   3.4509475941379743E-002
energia     = -17.1434332546468191083022248
 mejor energia=  -18.771846813262535     

 coordenadas atomicas
  -0.85399     0.09221     0.03165
   0.08467     0.62610     0.48940
  -0.38471     1.11246    -0.38088
   0.15356     0.13761    -0.47787
   1.00654     0.11311     0.45487
  -0.02675    -0.46632     0.68220
  -0.55469    -0.81077    -0.45550
   0.60058    -0.87144    -0.36217


paso        =  710
temperatura =   0.2846999097
 drmax       =   3.1301111964970284E-002
energia     = -17.4902040546359387462871382
 mejor energia=  -19.129542908252429     

 coordenadas atomicas
  -0.76570     0.11008    -0.23750
   0.21941     0.56143    -0.25550
  -0.61854    -0.53028     0.64757
   0.15670    -0.55337    -0.32291
  -0.54153     0.56613     0.67292
   1.24352    -0.17568    -0.02226
  -0.05945     0.00242    -1.19046
   0.36560     0.01927     0.70813


paso        =  720
temperatura =   0.2707809683
 drmax       =   3.1301111964970284E-002
energia     = -15.7038993636505210815812461
 mejor energia=  -19.331119512317063     

 coordenadas atomicas
   0.04595     0.48555    -0.48598
   0.60773    -0.48839    -0.06518
  -0.15500    -0.94360     0.75024
  -0.41279     0.20733     0.59791
  -0.28604     1.18015     0.27785
  -0.59498    -0.43299    -0.34268
   0.73837     0.42108     0.51024
   0.03682    -0.50280    -1.20090


paso        =  730
temperatura =   0.2575425221
 drmax       =   2.8391031260744021E-002
energia     = -17.6890685637042395228490932
 mejor energia=  -19.331119512317063     

 coordenadas atomicas
   0.17718     0.40619     0.21667
  -0.30752     0.20379    -0.88394
   0.79919    -0.05782    -0.57270
   0.07950    -0.72000    -0.05326
  -0.91336    -0.05110    -0.02321
  -0.11561    -0.41883     0.99989
   0.86893    -0.36043     0.63985
  -0.58332     1.02108    -0.23031


paso        =  740
temperatura =   0.2449513018
 drmax       =   2.8391031260744021E-002
energia     = -17.1222849355522797054618422
 mejor energia=  -19.331119512317063     

 coordenadas atomicas
   0.20087     0.64542     0.34323
   0.70324    -1.13094     0.13132
  -0.18916     0.83540    -0.65925
  -1.01609     0.58847     0.08291
  -0.26337    -0.48275     0.30618
   0.48963    -0.10926    -0.45923
   0.76861    -0.22120     0.82250
  -0.68272    -0.14699    -0.61323


paso        =  750
temperatura =   0.2329756646
 drmax       =   2.8391031260744021E-002
energia     = -14.9935020996260597314631013
 mejor energia=  -19.331119512317063     

 coordenadas atomicas
  -0.50194     0.49611     0.98394
   0.23152     0.73273    -0.11285
  -0.66852    -0.01856     0.04677
   1.18636    -0.39637    -0.04953
   0.16596    -0.20137    -0.77326
   0.45921    -0.20799     0.68720
  -0.65814     0.71016    -0.85818
  -0.22611    -1.02150     0.08523


paso        =  760
temperatura =   0.2215855147
 drmax       =   2.8391031260744021E-002
energia     = -17.2966600721823731134918489
 mejor energia=  -19.352920754692249     

 coordenadas atomicas
  -0.08887     0.01933    -0.86265
   0.78853     0.33461    -0.21062
  -0.08141     0.33501     0.86846
  -0.10561     0.86161    -0.12556
  -0.67317    -0.91868    -0.54099
   0.02902    -0.41353     0.16850
   1.02252    -0.30790     0.74945
  -0.89102     0.08956    -0.04660


paso        =  770
temperatura =   0.2107522278
 drmax       =   2.5751502277318837E-002
energia     = -16.6532645203120672761087917
 mejor energia=  -19.352920754692249     

 coordenadas atomicas
   0.43064     0.53281    -0.35286
   0.60786    -0.01855     0.60808
  -0.37184     0.43815     0.43134
   0.41800    -0.60457    -0.42071
  -0.34279    -0.73711     0.44599
  -0.58749    -0.96465    -0.80739
   0.43721     1.27585     0.70204
  -0.59159     0.07806    -0.60648


paso        =  780
temperatura =   0.2004485789
 drmax       =   2.5751502277318837E-002
energia     = -18.0409479983788294532587315
 mejor energia=  -19.381054406617928     

 coordenadas atomicas
   0.57637    -0.79200     0.76375
  -0.66343     0.08840    -0.20858
  -0.10292     0.76747    -0.79426
   0.53205     0.13652     0.09910
  -0.15214    -0.85229     0.00305
  -0.15172     0.97886     0.26660
  -0.30526    -0.09041     0.75037
   0.26704    -0.23655    -0.88003


paso        =  790
temperatura =   0.1906486740
 drmax       =   2.3357371680107784E-002
energia     = -17.8504598367850952911339846
 mejor energia=  -19.460068753988306     

 coordenadas atomicas
   1.09974     0.18383     0.43608
  -0.43595     0.71219     0.46250
  -0.18437    -0.37730    -1.00587
   0.38617    -0.82946    -0.04641
  -0.62124    -0.32197     0.11079
   0.28077     0.19454    -0.22330
   0.08831    -0.15533     0.85882
  -0.61343     0.59350    -0.59259


paso        =  800
temperatura =   0.1813278852
 drmax       =   2.5751502277318837E-002
energia     = -17.4383888679034022572977847
 mejor energia=  -19.461733591293509     

 coordenadas atomicas
  -0.61764    -1.00043     0.42937
   0.41144     0.68308     0.38418
   0.27298     0.60057    -0.71525
  -0.21594    -0.28841    -0.36599
  -0.72418     0.73051    -0.09665
   0.51930    -0.40258     0.42189
  -0.44245     0.06004     0.75927
   0.79648    -0.38278    -0.81683


paso        =  810
temperatura =   0.1724627886
 drmax       =   2.3357371680107784E-002
energia     = -17.1457947049454340060492541
 mejor energia=  -19.461733591293509     

 coordenadas atomicas
   0.45817     0.05995    -0.08263
  -0.07276     0.88852    -0.54064
   0.16724    -1.11804    -0.75302
  -0.11748    -0.75985     0.27181
   0.24197     0.98908     0.49116
   0.44058    -0.05288     1.06285
  -0.59779     0.25337     0.34533
  -0.51991    -0.26015    -0.79486


paso        =  820
temperatura =   0.1640311054
 drmax       =   2.3357371680107784E-002
energia     = -18.5572353116616532986427046
 mejor energia=  -19.461733591293509     

 coordenadas atomicas
  -0.55797    -0.29722    -0.63168
  -1.10996     0.38232     0.02394
  -0.09200     0.78050    -0.38800
   0.72105     0.59237     0.30747
   0.49171    -0.11634    -0.47414
  -0.16596     0.05187     0.52217
   0.76777    -0.45384     0.56651
  -0.05464    -0.93966     0.07372


paso        =  830
temperatura =   0.1560116460
 drmax       =   1.9216167485858488E-002
energia     = -18.4488345913607325599059550
 mejor energia=  -19.462368904295481     

 coordenadas atomicas
   0.24365    -0.30233     0.50667
  -0.25391     0.70009     0.41655
  -0.90165    -0.37110     0.39884
  -0.18805    -0.80096    -0.38394
   0.97481    -0.50896    -0.34356
  -0.92497     0.40918    -0.38705
   0.18271     0.30363    -0.53852
   0.86743     0.57047     0.33101


paso        =  840
temperatura =   0.1483842570
 drmax       =   1.9216167485858488E-002
energia     = -18.5288530415172267851176002
 mejor energia=  -19.462368904295481     

 coordenadas atomicas
  -0.04014    -0.60678     0.95074
  -0.48987     0.32781     0.38702
  -0.59640    -0.83271    -0.00277
   0.40398    -0.26370    -0.01406
   0.19720     0.80802    -0.27122
   0.49048    -0.01284    -1.10820
  -0.55528     0.09879    -0.70040
   0.57699     0.45735     0.72133


paso        =  850
temperatura =   0.1411297700
 drmax       =   1.9216167485858488E-002
energia     = -17.5417864612769918153389881
 mejor energia=  -19.567936602654466     

 coordenadas atomicas
   0.62338     0.57957     0.37744
   0.34587     0.49649    -0.84987
  -0.36857     0.18121    -0.09991
  -0.39805     0.72088     0.84659
   0.62572    -0.40845    -0.07203
  -0.82919    -0.80166    -0.10802
  -0.05667    -0.52719    -0.91955
   0.05751    -0.24084     0.82534


paso        =  860
temperatura =   0.1342299540
 drmax       =   2.1185824653158984E-002
energia     = -18.4714083190778559639966261
 mejor energia=  -19.599509452330022     

 coordenadas atomicas
   0.02490     0.28421    -0.40490
  -0.12936    -0.83435    -0.15174
  -0.98350    -0.13038    -0.09158
  -0.62395     0.75701     0.56522
   0.43626    -0.51149    -1.06355
  -0.09151    -0.14242     0.62075
   0.88085    -0.22945     0.06839
   0.53340     0.76039     0.45048


paso        =  870
temperatura =   0.1276674691
 drmax       =   1.9216167485858488E-002
energia     = -17.7393927642901019225973869
 mejor energia=  -19.599509452330022     

 coordenadas atomicas
  -0.37339     0.52242     0.95711
  -0.33114     0.07873    -0.85651
  -0.56834     0.88057    -0.12082
  -0.66940    -0.24834     0.08594
   1.25580    -0.25612    -0.31328
   0.23316    -0.75780    -0.46932
   0.34075     0.31402    -0.02305
   0.12815    -0.53490     0.73969


paso        =  880
temperatura =   0.1214258231
 drmax       =   1.7429630372660758E-002
energia     = -18.9777752457013910714067606
 mejor energia=  -19.608174009003960     

 coordenadas atomicas
  -0.12737     0.50163     0.69495
   0.26455     0.17310    -1.07825
   0.06385     0.99498    -0.26815
  -0.38175    -0.10173    -0.26182
   0.06321    -0.61584     0.62164
   0.41147    -0.86815    -0.41371
   0.63819     0.10411     0.05429
  -0.95597    -0.23877     0.65747


paso        =  890
temperatura =   0.1154893305
 drmax       =   1.9216167485858488E-002
energia     = -18.2535297850207882675022120
 mejor energia=  -19.635393454881719     

 coordenadas atomicas
  -0.35701     0.91629    -0.18194
   0.14162    -0.91541    -0.64590
  -0.16615     0.14844    -0.99838
  -0.33916    -0.19753     0.04060
   0.31777     0.29405     0.80579
   0.44458    -0.77337     0.45783
   0.71832    -0.00083    -0.25505
  -0.78979     0.50433     0.80353


paso        =  900
temperatura =   0.1098430722
 drmax       =   1.7429630372660758E-002
energia     = -18.6112381830069217869549902
 mejor energia=  -19.672220326577378     

 coordenadas atomicas
  -0.74016     0.35437     0.11794
   0.53417    -0.43116    -0.87896
  -0.53796    -0.02379    -0.85787
  -0.07507    -0.48561     0.10338
   0.18630     0.31617     0.72006
   1.04081    -0.06638     0.04754
   0.28186     0.55851    -0.34175
  -0.68995    -0.22211     1.08966


paso        =  910
temperatura =   0.1044728587
 drmax       =   1.5809188546631069E-002
energia     = -18.8577080583840199778933311
 mejor energia=  -19.672220326577378     

 coordenadas atomicas
  -0.29622     0.55477     0.67449
   0.79724    -0.02684    -0.74126
   0.51828     0.87036    -0.16618
  -0.25459     0.10802    -0.45609
  -0.38612    -0.53986     0.47689
   0.20330    -0.97228    -0.36681
   0.58762    -0.08010     0.37689
  -1.22090     0.08950     0.20640


paso        =  920
temperatura =   0.0993651943
 drmax       =   1.7429630372660758E-002
energia     = -17.6521563886494234907331702
 mejor energia=  -19.672220326577378     

 coordenadas atomicas
   0.21538     0.41341     0.84661
   0.39941    -0.94884    -0.52293
   0.82121    -0.14510     0.16245
  -0.00146     0.24205    -0.46471
  -0.79819     0.53660     0.27229
  -0.66934    -0.72751    -0.66949
  -0.23774    -0.52524     0.31195
   0.27165     1.12491     0.07224


paso        =  930
temperatura =   0.0945072429
 drmax       =   1.5809188546631069E-002
energia     = -18.4007185287335062184865819
 mejor energia=  -19.674274597114408     

 coordenadas atomicas
   0.03030     0.92288    -0.05288
  -0.45258    -0.77941     0.57437
  -0.40172     0.31352     0.82384
   0.33990    -0.16227     0.22029
   0.24105     0.02577    -0.86320
  -0.07948    -0.93423    -0.40629
  -0.74976    -0.00910    -0.19023
   1.07229     0.62284    -0.10590


paso        =  940
temperatura =   0.0898867961
 drmax       =   1.5809188546631069E-002
energia     = -18.3065706992393089080906066
 mejor energia=  -19.676322289734554     

 coordenadas atomicas
   0.23671     0.78583    -0.22778
  -0.53761    -0.56914     0.73456
  -0.09804     0.56621     0.83698
   0.31514    -0.20762     0.22690
   0.10742    -0.09943    -0.90729
  -0.53439    -0.93081    -0.29708
  -0.68992     0.16480    -0.05524
   1.16843     0.27545    -0.30822


paso        =  950
temperatura =   0.0854922424
 drmax       =   1.5809188546631069E-002
energia     = -18.8767923622099935698770423
 mejor energia=  -19.690332487822026     

 coordenadas atomicas
  -0.05806     0.73580    -0.49997
  -0.64788    -0.73949     0.45373
  -1.01630     0.29354     0.06735
   0.01502     0.10919     0.39433
   0.73959    -0.01998    -0.47612
   0.46265    -0.89044     0.28945
  -0.30290    -0.33558    -0.52826
   0.80788     0.84697     0.29950


paso        =  960
temperatura =   0.0813125378
 drmax       =   1.4339400042295752E-002
energia     = -19.0192595699459161551203579
 mejor energia=  -19.690332487822026     

 coordenadas atomicas
   0.26441     0.05795    -0.86047
  -0.95156     0.13626     0.52259
  -0.69623     0.50906    -0.48387
   0.09660     0.40434     0.23100
   0.66510    -0.56667    -0.00974
  -0.13506    -0.50911     0.93703
  -0.41673    -0.50363    -0.16801
   1.17348     0.47181    -0.16854


paso        =  970
temperatura =   0.0773371785
 drmax       =   1.4339400042295752E-002
energia     = -18.7773101728027214107896725
 mejor energia=  -19.719848245545968     

 coordenadas atomicas
   0.13491     0.77582    -0.30768
  -0.44390    -0.48312     0.81980
  -0.15158     0.61462     0.79312
   0.37016    -0.17234     0.27163
   0.04826    -0.14213    -0.84547
  -0.35614    -0.92578    -0.16796
  -0.72993     0.15185    -0.07147
   1.13417     0.21698    -0.50277


paso        =  980
temperatura =   0.0735561739
 drmax       =   1.4339400042295752E-002
energia     = -19.0094094043676307137502590
 mejor energia=  -19.719848245545968     

 coordenadas atomicas
   0.27732     0.64358     0.51269
  -0.42954    -1.03212     0.18670
   0.25488    -0.47998     0.89752
   0.37649    -0.21529    -0.15025
  -0.25443     0.70205    -0.48454
  -0.50983    -0.33623    -0.80207
  -0.64933     0.02385     0.29222
   0.86819     0.67433    -0.45746


paso        =  990
temperatura =   0.0699600221
 drmax       =   1.3006258541764853E-002
energia     = -18.9360147917760919256124907
 mejor energia=  -19.719848245545968     

 coordenadas atomicas
   0.51165    -0.47139     0.62223
  -1.03087     0.23076    -0.12616
  -0.64194    -0.58361     0.58077
  -0.09313    -0.27244    -0.41382
   0.73002     0.39361    -0.16518
  -0.24640     0.89252    -0.54364
  -0.13469     0.48993     0.49129
   0.90537    -0.67938    -0.44549


paso        = 1000
temperatura =   0.0665396858
 drmax       =   1.3006258541764853E-002
energia     = -19.1460787887742469592922134
 mejor energia=  -19.719848245545968     

 coordenadas atomicas
   0.74136     0.21167    -0.27299
  -0.86934     0.47792     0.51660
   0.23787     0.86496     0.49444
   0.03668    -0.21812     0.40699
   0.09427    -0.61139    -0.58701
  -0.91768    -0.39048    -0.21636
  -0.29101     0.48112    -0.40029
   0.96785    -0.81567     0.05862


paso        = 1010
temperatura =   0.0632865692
 drmax       =   1.3006258541764853E-002
energia     = -19.2627657406680441454227548
 mejor energia=  -19.719848245545968     

 coordenadas atomicas
   0.40516     0.61205    -0.46134
  -0.22534    -0.26397     1.05240
   0.42854     0.65739     0.66059
   0.34173    -0.30008     0.08546
  -0.38163    -0.09991    -0.75190
  -0.71759    -0.71423     0.15754
  -0.57174     0.39555     0.21187
   0.72086    -0.28680    -0.95462


paso        = 1020
temperatura =   0.0601924971
 drmax       =   1.3006258541764853E-002
energia     = -19.3913993322380946437988314
 mejor energia=  -19.726452059597552     

 coordenadas atomicas
   0.26057     0.31262    -0.77081
   0.31624     0.14276     1.06447
   0.95384     0.28164     0.08987
   0.15946    -0.44110     0.10996
  -0.74464    -0.05013    -0.43815
  -0.75145    -0.18819     0.68430
  -0.13502     0.67362     0.18815
  -0.05900    -0.73122    -0.92780


paso        = 1030
temperatura =   0.0572496938
 drmax       =   1.1797059901827530E-002
energia     = -19.0639887036346955540011550
 mejor energia=  -19.726452059597552     

 coordenadas atomicas
   0.15360    -0.83921    -0.19483
   0.61290     0.86986     0.19930
   0.99663    -0.15093     0.14962
  -0.04544     0.02637     0.47683
  -0.70543    -0.12133    -0.37660
  -0.45984     0.91053    -0.10469
   0.27049     0.14304    -0.64640
  -0.82291    -0.83833     0.49677


paso        = 1040
temperatura =   0.0544507637
 drmax       =   1.0700281090092996E-002
energia     = -19.3232211699595453069377982
 mejor energia=  -19.731542318731087     

 coordenadas atomicas
  -0.64130    -0.55310    -0.10611
   0.91173     0.23256    -0.53322
   0.29779    -0.68390    -0.62790
   0.32024    -0.12629     0.33970
  -0.60614     0.41719     0.43021
   0.33420     0.92332     0.14168
  -0.19514     0.35222    -0.65823
  -0.42139    -0.56199     1.01388


paso        = 1050
temperatura =   0.0517886730
 drmax       =   1.1797059901827530E-002
energia     = -19.4284956858390813749792869
 mejor energia=  -19.751021170547258     

 coordenadas atomicas
  -0.76696    -0.29682     0.26643
   0.94794    -0.44367    -0.31262
   0.09347    -1.00417     0.22523
   0.29599     0.13197     0.36040
  -0.48392     0.70973    -0.20388
   0.55469     0.55729    -0.62382
  -0.10241    -0.26972    -0.61331
  -0.53862     0.61045     0.87314


paso        = 1060
temperatura =   0.0492567315
 drmax       =   1.0700281090092996E-002
energia     = -19.3450875669613395757551189
 mejor energia=  -19.751021170547258     

 coordenadas atomicas
  -0.46105     0.36849     0.64886
   0.17264    -1.03156    -0.36961
  -0.35016    -0.73825     0.57043
   0.43644    -0.10448     0.21875
  -0.12384     0.78926    -0.34502
   0.37576    -0.05592    -0.94409
  -0.57118    -0.19503    -0.34131
   0.52139     0.96748     0.56199


paso        = 1070
temperatura =   0.0468485763
 drmax       =   1.0700281090092996E-002
energia     = -19.4110107654554617795383820
 mejor energia=  -19.751021170547258     

 coordenadas atomicas
  -0.81965     0.00059    -0.23055
   0.95675    -0.39962    -0.37822
  -0.09702    -0.74401    -0.72600
   0.09049    -0.35782     0.35014
  -0.27884     0.76981     0.36767
   0.83898     0.47096     0.28896
   0.16775     0.31713    -0.57369
  -0.85930    -0.03693     0.91485


paso        = 1080
temperatura =   0.0445581556
 drmax       =   1.0700281090092996E-002
energia     = -19.5737610699712902828650840
 mejor energia=  -19.751021170547258     

 coordenadas atomicas
  -0.77212     0.31454    -0.28887
   0.89691    -0.42188    -0.48310
  -0.08374    -0.20954    -1.00536
  -0.05543    -0.47362     0.08425
  -0.15227     0.48864     0.73448
   0.84229     0.00703     0.56112
   0.33250     0.51054    -0.26271
  -1.00814    -0.21571     0.66018


paso        = 1090
temperatura =   0.0423797132
 drmax       =   9.7054703765015824E-003
energia     = -19.3303060263932380280493817
 mejor energia=  -19.751520332611364     

 coordenadas atomicas
  -0.12983    -0.65561    -0.53140
   0.80446     0.35157     0.61671
   0.83034    -0.62581     0.02908
  -0.11798    -0.16166     0.45165
  -0.67272     0.32807    -0.42550
  -0.01803     1.01954     0.28808
   0.43477     0.31385    -0.45847
  -1.11048    -0.58839     0.03092


paso        = 1100
temperatura =   0.0403077745
 drmax       =   1.0700281090092996E-002
energia     = -19.4966131023545194977941719
 mejor energia=  -19.759691880280300     

 coordenadas atomicas
  -0.08338    -0.30168    -0.82148
   0.83393     0.23997     0.67984
   0.87109    -0.46140    -0.24011
  -0.06785    -0.36677     0.32844
  -0.71951     0.37083    -0.18517
  -0.22261     0.67113     0.71507
   0.34619     0.55559    -0.27237
  -0.95785    -0.70766    -0.20423


paso        = 1110
temperatura =   0.0383371327
 drmax       =   9.7054703765015824E-003
energia     = -19.5682059170219346810881689
 mejor energia=  -19.764454080001020     

 coordenadas atomicas
   0.08201    -0.39273    -0.80378
   0.63106     0.29801     0.85385
   0.89770    -0.42897    -0.00229
  -0.12777    -0.32424     0.34777
  -0.67326     0.33715    -0.37396
  -0.33916     0.76104     0.58982
   0.42269     0.52169    -0.21512
  -0.89420    -0.75087    -0.38653


paso        = 1120
temperatura =   0.0364628353
 drmax       =   9.7054703765015824E-003
energia     = -19.3834867377435955404507695
 mejor energia=  -19.764454080001020     

 coordenadas atomicas
  -0.03839    -0.84584    -0.05364
   0.40379     0.72579     0.70694
   0.35341    -0.39553     0.91777
  -0.39733     0.12116     0.20306
  -0.10640    -0.08037    -0.84523
   0.14724     0.92931    -0.41714
   0.68844     0.00672    -0.09363
  -1.05076    -0.46125    -0.41813


paso        = 1130
temperatura =   0.0346801720
 drmax       =   9.7054703765015824E-003
energia     = -19.5390122301032249652052997
 mejor energia=  -19.779046836636841     

 coordenadas atomicas
  -0.54798    -0.57991     0.36190
   1.01402     0.34897     0.20039
   0.33226    -0.19391     0.95969
  -0.09288     0.46060     0.13806
  -0.44341    -0.17116    -0.69093
   0.49418     0.36994    -0.79062
   0.44135    -0.53828    -0.12403
  -1.20355     0.32375    -0.04341


paso        = 1140
temperatura =   0.0329846629
 drmax       =   9.7054703765015824E-003
energia     = -19.5545031877067714276563493
 mejor energia=  -19.779046836636841     

 coordenadas atomicas
  -0.68541    -0.51895     0.03174
   0.97359     0.07557     0.53303
   0.04913    -0.55127     0.86219
  -0.08889     0.38879     0.25732
  -0.28194     0.08276    -0.78717
   0.74284     0.53521    -0.47711
   0.40083    -0.52407    -0.20685
  -1.09859     0.52291    -0.21438


paso        = 1150
temperatura =   0.0313720470
 drmax       =   8.8031477337882826E-003
energia     = -19.6533763337064719678437541
 mejor energia=  -19.779046836636841     

 coordenadas atomicas
  -0.81890    -0.12158    -0.24352
   0.82093    -0.57848     0.41434
  -0.25967    -0.89952     0.41474
   0.02009     0.17289     0.45446
  -0.05712     0.64307    -0.56183
   0.92980     0.33818    -0.21642
   0.19428    -0.44583    -0.48255
  -0.82941     0.89126     0.22077


paso        = 1160
temperatura =   0.0298382718
 drmax       =   8.8031477337882826E-003
energia     = -19.3128366721963935503936227
 mejor energia=  -19.779046836636841     

 coordenadas atomicas
  -0.76836    -0.46087    -0.00578
   1.06393    -0.14300     0.30707
   0.22690    -0.79854     0.64695
   0.00625     0.26714     0.37311
  -0.41431     0.39766    -0.69323
   0.64011     0.55549    -0.47158
   0.26633    -0.47590    -0.43009
  -1.02086     0.65802     0.27354


paso        = 1170
temperatura =   0.0283794825
 drmax       =   8.8031477337882826E-003
energia     = -19.5000322821921727722838114
 mejor energia=  -19.780623258379677     

 coordenadas atomicas
  -0.78671    -0.05478     0.25192
   0.91139    -0.62293     0.15840
  -0.04902    -0.73193     0.68933
   0.25043     0.26258     0.30945
  -0.38253     0.49067    -0.61902
   0.68260     0.19011    -0.70327
  -0.07027    -0.57577    -0.44224
  -0.55589     1.04205     0.35542


paso        = 1180
temperatura =   0.0269920133
 drmax       =   8.8031477337882826E-003
energia     = -19.5694334839883161691886926
 mejor energia=  -19.781695023166492     

 coordenadas atomicas
  -0.66735     0.28603    -0.48606
   0.77729    -0.75238    -0.15755
  -0.10690    -0.61496    -0.79222
  -0.15170    -0.33536     0.27231
  -0.08611     0.80116     0.37919
   0.82532     0.06434     0.61338
   0.45408     0.26726    -0.43088
  -1.03677     0.27465     0.58934


paso        = 1190
temperatura =   0.0256723773
 drmax       =   7.9847144977671491E-003
energia     = -19.4162721213619278159967507
 mejor energia=  -19.781695023166492     

 coordenadas atomicas
  -0.24028     0.54245    -0.57493
  -0.09820    -1.10425     0.10633
  -0.65274    -0.46499    -0.64844
  -0.30863    -0.02208     0.33108
   0.57632     0.65818     0.21700
   0.71149    -0.40823     0.59826
   0.47419    -0.29675    -0.45749
  -0.43826     1.08415     0.41083


paso        = 1200
temperatura =   0.0244172582
 drmax       =   7.9847144977671491E-003
energia     = -19.5917396328499044955151476
 mejor energia=  -19.781695023166492     

 coordenadas atomicas
   0.24188     0.61639    -0.55031
   0.04710    -1.08486     0.00622
   0.18166    -0.43690    -0.88649
  -0.44805    -0.11659    -0.05347
   0.12332     0.62846     0.57755
  -0.06431    -0.39577     0.91204
   0.66322    -0.17105     0.09160
  -0.73604     0.94929    -0.10303


paso        = 1210
temperatura =   0.0232235016
 drmax       =   7.2423714265461665E-003
energia     = -19.6285791822003616857728048
 mejor energia=  -19.781695023166492     

 coordenadas atomicas
   0.58147     0.62918    -0.01450
  -0.00757    -1.09314    -0.10082
   0.88673    -0.39637    -0.30957
  -0.17468    -0.07100    -0.42118
  -0.45186     0.59816     0.42437
  -0.78544    -0.46012     0.40056
   0.27193    -0.26278     0.61159
  -0.32059     1.05607    -0.59045


paso        = 1220
temperatura =   0.0220881076
 drmax       =   7.2423714265461665E-003
energia     = -19.6277452928724187586340122
 mejor energia=  -19.801252343775548     

 coordenadas atomicas
   0.55876     0.57752     0.34895
   0.02997    -1.02769    -0.38865
   0.93288    -0.38718    -0.07325
   0.01517     0.08684    -0.47837
  -0.57725     0.48758     0.43831
  -0.87430    -0.47515    -0.10660
   0.03531    -0.43273     0.55661
  -0.12053     1.17081    -0.29701


paso        = 1230
temperatura =   0.0210082229
 drmax       =   6.5690443778196519E-003
energia     = -19.5977425215318419304821873
 mejor energia=  -19.801252343775548     

 coordenadas atomicas
   0.53736     0.50762     0.42845
  -0.04367    -1.06020    -0.31159
   0.87656    -0.50989     0.06367
   0.08776     0.06818    -0.47826
  -0.54713     0.59192     0.29076
  -0.92005    -0.35132    -0.19343
  -0.15048    -0.40876     0.57910
   0.15835     1.17116    -0.37611


paso        = 1240
temperatura =   0.0199811336
 drmax       =   7.2423714265461665E-003
energia     = -19.5327100158614932468026382
 mejor energia=  -19.801252343775548     

 coordenadas atomicas
   0.62955     0.43969     0.32591
  -0.49469    -0.93165     0.21249
   0.48154    -0.62946     0.65730
   0.16108    -0.27305    -0.36218
  -0.21790     0.78384    -0.26789
  -0.94979    -0.02360    -0.35828
  -0.37704     0.11342     0.57467
   0.76725     0.52080    -0.78202


paso        = 1250
temperatura =   0.0190042586
 drmax       =   6.5690443778196519E-003
energia     = -19.7037568102121589674879942
 mejor energia=  -19.801252343775548     

 coordenadas atomicas
  -0.13413     0.79057     0.31794
   0.01521    -1.02819     0.39226
   0.05216    -0.10117     1.00631
   0.48267    -0.10456    -0.03415
  -0.25121     0.40312    -0.71496
  -0.16270    -0.73710    -0.67684
  -0.67094    -0.18271     0.13980
   0.68127     0.95196    -0.43980


paso        = 1260
temperatura =   0.0180751429
 drmax       =   6.5690443778196519E-003
energia     = -19.7231973443795531863997894
 mejor energia=  -19.803361838800459     

 coordenadas atomicas
  -0.32442     0.42934     0.68270
  -0.18470    -0.95441    -0.50733
  -0.60570    -0.65814     0.51433
   0.36425    -0.24672     0.15680
   0.22134     0.81410    -0.23935
   0.32418    -0.06157    -0.95496
  -0.60151     0.07421    -0.35199
   0.80200     0.61693     0.68235


paso        = 1270
temperatura =   0.0171914515
 drmax       =   6.5690443778196519E-003
energia     = -19.7193657346835564680986863
 mejor energia=  -19.803361838800459     

 coordenadas atomicas
  -0.36751     0.40500     0.65988
  -0.12045    -0.96565    -0.50372
  -0.50892    -0.69153     0.52876
   0.41032    -0.19809     0.13753
   0.16359     0.79309    -0.23018
   0.30601    -0.03640    -0.97453
  -0.61304     0.00300    -0.33588
   0.73001     0.69058     0.71815


paso        = 1280
temperatura =   0.0163509637
 drmax       =   6.5690443778196519E-003
energia     = -19.6551921699797098597173317
 mejor energia=  -19.803361838800459     

 coordenadas atomicas
  -0.75250     0.39878     0.20549
   0.33480    -0.87245    -0.59595
  -0.74054    -0.66953    -0.21630
   0.12410    -0.27579     0.34249
   0.31098     0.79678     0.14611
   0.93775     0.02564    -0.35844
  -0.12231     0.14689    -0.68427
  -0.09227     0.44968     1.16088


paso        = 1290
temperatura =   0.0155515672
 drmax       =   6.5690443778196519E-003
energia     = -19.6573740395885145915144676
 mejor energia=  -19.803361838800459     

 coordenadas atomicas
  -0.84799     0.13026    -0.01888
   0.70780    -0.81018    -0.24582
  -0.40429    -0.91009    -0.09511
   0.17338    -0.12672     0.44475
  -0.01748     0.85918    -0.06631
   0.92936     0.30312    -0.23502
  -0.02852    -0.08721    -0.69417
  -0.50399     0.65234     0.90940


paso        = 1300
temperatura =   0.0147912531
 drmax       =   5.9583168959815433E-003
energia     = -19.7487395440792852241429500
 mejor energia=  -19.803793464163522     

 coordenadas atomicas
  -0.82357    -0.08448     0.22275
   0.83121    -0.65932    -0.22334
  -0.12709    -0.97189     0.25698
   0.28319     0.06244     0.39300
  -0.28091     0.78021    -0.26338
   0.71625     0.40632    -0.58248
  -0.14292    -0.27727    -0.63528
  -0.46887     0.75380     0.84366


paso        = 1310
temperatura =   0.0140681107
 drmax       =   5.4043690666499252E-003
energia     = -19.6998710191210548714479955
 mejor energia=  -19.803793464163522     

 coordenadas atomicas
  -0.79715    -0.30527     0.09004
   1.00706    -0.31253     0.31122
   0.06366    -0.80620     0.63389
   0.08230     0.29647     0.36226
  -0.35389     0.42852    -0.67643
   0.74162     0.42169    -0.51678
   0.16406    -0.52453    -0.41122
  -0.90766     0.80186     0.20701


paso        = 1320
temperatura =   0.0133803226
 drmax       =   5.4043690666499252E-003
energia     = -19.6965911239656392694996612
 mejor energia=  -19.803793464163522     

 coordenadas atomicas
  -0.70165    -0.46708    -0.00954
   1.05445    -0.19045     0.20209
   0.20302    -0.86403     0.48178
   0.04367     0.22822     0.42038
  -0.46910     0.51224    -0.54029
   0.65638     0.63677    -0.44060
   0.23750    -0.38065    -0.54886
  -1.02426     0.52497     0.43505


paso        = 1330
temperatura =   0.0127261604
 drmax       =   5.4043690666499252E-003
energia     = -19.7009307453929629616595776
 mejor energia=  -19.803793464163522     

 coordenadas atomicas
  -0.69540    -0.50159     0.08562
   1.05372    -0.15408    -0.29300
   0.34272    -0.96120     0.01272
   0.21624     0.07553     0.41940
  -0.63032     0.62059    -0.12677
   0.47451     0.83719    -0.34627
   0.00343    -0.12489    -0.68518
  -0.76491     0.20846     0.93348


paso        = 1340
temperatura =   0.0121039801
 drmax       =   4.9019220559182990E-003
energia     = -19.6107347977863888388583291
 mejor energia=  -19.803793464163522     

 coordenadas atomicas
  -0.31956    -0.81454     0.06162
   1.00021     0.48264    -0.15879
   0.81920    -0.59530     0.10763
   0.05940     0.19810     0.44214
  -0.81007     0.13205    -0.24328
  -0.02957     0.93442    -0.35620
   0.18168    -0.12964    -0.65440
  -0.90128    -0.20774     0.80128


paso        = 1350
temperatura =   0.0115122180
 drmax       =   5.4043690666499252E-003
energia     = -19.6999271219379608055533026
 mejor energia=  -19.806356406188812     

 coordenadas atomicas
  -0.15007    -0.73852    -0.44511
   0.74236     0.80013    -0.05721
   0.79466    -0.18977    -0.57758
   0.26032    -0.09548     0.39853
  -0.82605    -0.06041     0.20491
  -0.26595     0.90036     0.42093
  -0.17902     0.36707    -0.57935
  -0.37625    -0.98337     0.63487


paso        = 1360
temperatura =   0.0109493872
 drmax       =   5.4043690666499252E-003
energia     = -19.7233508687909306900110096
 mejor energia=  -19.806356406188812     

 coordenadas atomicas
  -0.58345    -0.29371    -0.55867
   0.90169     0.60538    -0.04194
   0.38194     0.13134    -0.92039
   0.34271    -0.33870     0.09731
  -0.67979    -0.08815     0.53318
   0.26050     0.43687     0.87050
  -0.20070     0.65966    -0.15556
  -0.42988    -1.11767     0.16726


paso        = 1370
temperatura =   0.0104140731
 drmax       =   4.9019220559182990E-003
energia     = -19.7222555234226781806228246
 mejor energia=  -19.806356406188812     

 coordenadas atomicas
  -0.30200    -0.39023    -0.72973
   0.78695     0.73417     0.24559
   0.67948     0.15163    -0.73481
   0.30868    -0.27446     0.22005
  -0.81518    -0.17894     0.26449
  -0.13459     0.51174     0.87520
  -0.20096     0.59999    -0.23678
  -0.32237    -1.15389     0.09600


paso        = 1380
temperatura =   0.0099049304
 drmax       =   4.9019220559182990E-003
energia     = -19.7486075517323982353445899
 mejor energia=  -19.808070371615802     

 coordenadas atomicas
  -0.40426    -0.69108    -0.31698
   0.70787     0.73680    -0.36422
   0.47149    -0.24791    -0.86773
   0.39107    -0.13309     0.23202
  -0.68342    -0.01285     0.52977
   0.00423     0.86533     0.52047
  -0.35162     0.42472    -0.46145
  -0.13801    -0.95111     0.73622


paso        = 1390
temperatura =   0.0094206797
 drmax       =   5.4043690666499252E-003
energia     = -19.7647254656187740806672082
 mejor energia=  -19.808070371615802     

 coordenadas atomicas
  -0.66588    -0.45065    -0.30801
   0.94916     0.39882    -0.38290
   0.31706    -0.41599    -0.85122
   0.29951    -0.28707     0.23929
  -0.61031     0.26533     0.54041
   0.39069     0.79595     0.49786
  -0.14702     0.52179    -0.45298
  -0.53617    -0.83461     0.71861


paso        = 1400
temperatura =   0.0089601039
 drmax       =   4.9019220559182990E-003
energia     = -19.7581648719612310571847047
 mejor energia=  -19.808299057408039     

 coordenadas atomicas
  -0.66674    -0.53769     0.04148
   0.88947     0.10837    -0.63473
   0.25213    -0.82579    -0.52200
   0.33757    -0.12137     0.31629
  -0.58440     0.53889     0.35564
   0.38309     0.92428    -0.03369
  -0.20168     0.19386    -0.63923
  -0.40944    -0.28054     1.11625


paso        = 1410
temperatura =   0.0085220456
 drmax       =   4.4461878058215864E-003
energia     = -19.7331480073287934828840662
 mejor energia=  -19.808304619360623     

 coordenadas atomicas
  -0.81459    -0.24707     0.09391
   0.76423    -0.06265    -0.79076
  -0.16012    -0.69064    -0.73617
   0.28339    -0.31183     0.20732
  -0.24976     0.59870     0.59445
   0.71906     0.69147     0.05284
  -0.18832     0.41328    -0.53139
  -0.35389    -0.39125     1.10979


paso        = 1420
temperatura =   0.0081054039
 drmax       =   4.4461878058215864E-003
energia     = -19.7488743695581696613317035
 mejor energia=  -19.809061975084965     

 coordenadas atomicas
  -0.80773    -0.29405     0.04895
   0.85414    -0.09677    -0.69588
  -0.07693    -0.71110    -0.71286
   0.28075    -0.28996     0.26582
  -0.33526     0.62049     0.50666
   0.69321     0.72693     0.04718
  -0.14918     0.36539    -0.56343
  -0.45900    -0.32094     1.10356


paso        = 1430
temperatura =   0.0077091317
 drmax       =   4.9019220559182990E-003
energia     = -19.7747711773241903188136348
 mejor energia=  -19.809061975084965     

 coordenadas atomicas
  -0.72284    -0.46121     0.02416
   0.89127     0.02736    -0.63221
   0.12707    -0.79632    -0.59932
   0.32282    -0.19336     0.30482
  -0.49725     0.56443     0.41090
   0.50413     0.87948    -0.00057
  -0.19034     0.27110    -0.61001
  -0.43485    -0.29149     1.10223


paso        = 1440
temperatura =   0.0073322333
 drmax       =   4.0328234066408942E-003
energia     = -19.7286740494592578443189268
 mejor energia=  -19.812076953402002     

 coordenadas atomicas
  -0.64715    -0.57473     0.10035
   0.78174     0.18684    -0.73089
   0.15208    -0.74379    -0.65745
   0.38032    -0.13197     0.23134
  -0.49321     0.46947     0.50877
   0.35043     0.94938    -0.01659
  -0.30668     0.26029    -0.56304
  -0.21119    -0.41973     1.13127


paso        = 1450
temperatura =   0.0069737614
 drmax       =   4.4461878058215864E-003
energia     = -19.7110519483063910683995346
 mejor energia=  -19.812076953402002     

 coordenadas atomicas
  -0.41441    -0.73147     0.17853
   0.72586     0.33445    -0.73433
   0.46429    -0.74765    -0.54220
   0.40307     0.04272     0.29282
  -0.69975     0.34903     0.38277
   0.03573     0.98281    -0.14927
  -0.32742     0.03762    -0.61321
  -0.18949    -0.26457     1.17822


paso        = 1460
temperatura =   0.0066328151
 drmax       =   4.0328234066408942E-003
energia     = -19.7348967971307125424118567
 mejor energia=  -19.812496916221836     

 coordenadas atomicas
  -0.18910    -0.84171    -0.10142
   0.71994     0.70481    -0.44742
   0.75163    -0.42046    -0.51121
   0.28180     0.06167     0.36133
  -0.80944     0.02642     0.27813
  -0.24940     0.98562     0.08441
  -0.22866     0.13089    -0.66962
  -0.28517    -0.64928     0.99584


paso        = 1470
temperatura =   0.0063085376
 drmax       =   3.6578897112389060E-003
energia     = -19.7916491771341718219900940
 mejor energia=  -19.812496916221836     

 coordenadas atomicas
  -0.36026    -0.77082     0.13195
   0.72311     0.41488    -0.70046
   0.55162    -0.67169    -0.52333
   0.37465     0.06279     0.30193
  -0.72052     0.26838     0.38039
  -0.04517     1.01081    -0.12063
  -0.31494     0.04177    -0.62323
  -0.21620    -0.36533     1.14966


paso        = 1480
temperatura =   0.0060001140
 drmax       =   4.0328234066408942E-003
energia     = -19.7914083483663105766936496
 mejor energia=  -19.812496916221836     

 coordenadas atomicas
  -0.60488    -0.60576    -0.04372
   0.92353     0.22981    -0.53607
   0.37014    -0.74592    -0.58075
   0.33050    -0.11184     0.33434
  -0.65232     0.45186     0.35907
   0.29738     0.96301     0.05239
  -0.18598     0.23343    -0.64201
  -0.47837    -0.41458     1.05675


paso        = 1490
temperatura =   0.0057067692
 drmax       =   3.6578897112389060E-003
energia     = -19.7975232086384913543497532
 mejor energia=  -19.814019493328580     

 coordenadas atomicas
  -0.66741    -0.53997     0.10149
   0.83101     0.11201    -0.69626
   0.18314    -0.80314    -0.57833
   0.36090    -0.13182     0.27188
  -0.52543     0.53338     0.43414
   0.39348     0.92504    -0.06851
  -0.26802     0.21467    -0.60870
  -0.30767    -0.31018     1.14428


paso        = 1500
temperatura =   0.0054277660
 drmax       =   3.6578897112389060E-003
energia     = -19.7722800461889534062720486
 mejor energia=  -19.815054302430280     

 coordenadas atomicas
  -0.69704    -0.48575    -0.17506
   1.00768     0.12328    -0.41660
   0.29587    -0.72895    -0.62482
   0.24834    -0.20437     0.33708
  -0.59045     0.52626     0.35490
   0.47169     0.87221     0.21405
  -0.06651     0.32836    -0.62065
  -0.66958    -0.43104     0.93110


paso        = 1510
temperatura =   0.0051624033
 drmax       =   3.3178137970420914E-003
energia     = -19.7899834745241989253372594
 mejor energia=  -19.815054302430280     

 coordenadas atomicas
  -0.59666    -0.62155    -0.00661
   0.91387     0.21473    -0.54818
   0.37681    -0.76775    -0.54302
   0.32624    -0.09429     0.33595
  -0.65956     0.46347     0.32504
   0.29365     0.95300     0.01225
  -0.18948     0.19628    -0.64161
  -0.46487    -0.34389     1.06618


paso        = 1520
temperatura =   0.0049100140
 drmax       =   3.6578897112389060E-003
energia     = -19.7536684668223827543442894
 mejor energia=  -19.815054302430280     

 coordenadas atomicas
  -0.56732    -0.64660     0.04440
   1.00868     0.14699    -0.38281
   0.47222    -0.85267    -0.26982
   0.25485     0.00670     0.40597
  -0.71456     0.48381     0.07364
   0.25917     0.95014    -0.19847
  -0.06974     0.01185    -0.70444
  -0.64307    -0.09965     1.02831


paso        = 1530
temperatura =   0.0046699641
 drmax       =   3.3178137970420914E-003
energia     = -19.7682740129906449055852136
 mejor energia=  -19.815054302430280     

 coordenadas atomicas
  -0.63381    -0.58358     0.06647
   0.98121     0.04771    -0.48441
   0.36765    -0.87366    -0.32627
   0.29775    -0.02323     0.37753
  -0.65732     0.55289     0.17330
   0.33513     0.92884    -0.20077
  -0.11649     0.05134    -0.68404
  -0.56305    -0.09767     1.07185


paso        = 1540
temperatura =   0.0044416502
 drmax       =   3.3178137970420914E-003
energia     = -19.7741829956002916901525168
 mejor energia=  -19.815054302430280     

 coordenadas atomicas
  -0.57927    -0.58061     0.22369
   0.76634     0.08929    -0.75791
   0.23775    -0.85421    -0.49671
   0.39705    -0.04934     0.26813
  -0.55577     0.52885     0.39936
   0.26911     0.93404    -0.21856
  -0.33222     0.09439    -0.62097
  -0.20298    -0.16241     1.20297


paso        = 1550
temperatura =   0.0042244985
 drmax       =   3.3178137970420914E-003
energia     = -19.7725166508848602120451687
 mejor energia=  -19.815140644240895     

 coordenadas atomicas
  -0.60042    -0.59768     0.16730
   1.01607     0.02748    -0.41587
   0.45870    -0.90945    -0.08059
   0.25310     0.08832     0.39647
  -0.69506     0.50494    -0.04151
   0.30138     0.89349    -0.35729
  -0.06177    -0.13952    -0.68719
  -0.66332     0.12737     1.00914


paso        = 1560
temperatura =   0.0040179633
 drmax       =   3.3178137970420914E-003
energia     = -19.7821468063253291802539025
 mejor energia=  -19.817653808776154     

 coordenadas atomicas
  -0.55478    -0.64980     0.08595
   1.04753     0.10006    -0.25325
   0.54913    -0.85992    -0.00053
   0.18179     0.10454     0.42602
  -0.72342     0.45053    -0.13881
   0.26773     0.92012    -0.32605
   0.05055    -0.12188    -0.68931
  -0.81854     0.05635     0.89598


paso        = 1570
temperatura =   0.0038215256
 drmax       =   3.0093549179520101E-003
energia     = -19.7743350103486612567849079
 mejor energia=  -19.817653808776154     

 coordenadas atomicas
  -0.61205    -0.56024     0.20018
   1.05494    -0.05559    -0.26663
   0.44649    -0.87218     0.19772
   0.20260     0.18948     0.41032
  -0.67887     0.46210    -0.24072
   0.35835     0.78329    -0.51827
   0.04158    -0.26248    -0.64746
  -0.81303     0.31563     0.86488


paso        = 1580
temperatura =   0.0036346917
 drmax       =   3.0093549179520101E-003
energia     = -19.7723564672125391439294617
 mejor energia=  -19.817653808776154     

 coordenadas atomicas
  -0.52483    -0.59794     0.31797
   1.06229     0.07812    -0.24263
   0.58754    -0.75710     0.37869
   0.14827     0.29073     0.35474
  -0.73688     0.28958    -0.34825
   0.24010     0.72428    -0.65154
   0.11037    -0.39578    -0.56684
  -0.88636     0.36763     0.76098


paso        = 1590
temperatura =   0.0034569921
 drmax       =   3.0093549179520101E-003
energia     = -19.7990123963046897870299290
 mejor energia=  -19.817653808776154     

 coordenadas atomicas
  -0.41902    -0.71936     0.24382
   1.04106     0.28174    -0.20042
   0.69747    -0.65289     0.33099
   0.09221     0.27855     0.36802
  -0.77589     0.18840    -0.32367
   0.12270     0.81448    -0.60451
   0.17423    -0.30537    -0.60120
  -0.93925     0.12261     0.78116


paso        = 1600
temperatura =   0.0032879802
 drmax       =   3.0093549179520101E-003
energia     = -19.8001667674804764374130173
 mejor energia=  -19.817653808776154     

 coordenadas atomicas
  -0.40893    -0.73204     0.21121
   1.01050     0.30026    -0.31344
   0.71756    -0.68926     0.14797
   0.14351     0.22952     0.39913
  -0.80480     0.23068    -0.19511
   0.07501     0.86730    -0.50663
   0.09577    -0.23883    -0.65486
  -0.82863     0.03236     0.91173


paso        = 1610
temperatura =   0.0031272313
 drmax       =   2.7295736217251790E-003
energia     = -19.7935437607518274205631315
 mejor energia=  -19.817653808776154     

 coordenadas atomicas
  -0.44577    -0.72214     0.09079
   1.01825     0.27522    -0.25636
   0.67631    -0.75384     0.05293
   0.16257     0.15221     0.42696
  -0.78686     0.31919    -0.15769
   0.12565     0.93228    -0.36454
   0.08753    -0.14682    -0.68291
  -0.83327    -0.05708     0.89225


paso        = 1620
temperatura =   0.0029743413
 drmax       =   2.7295736217251790E-003
energia     = -19.8061435629744835296150995
 mejor energia=  -19.818279800399214     

 coordenadas atomicas
  -0.26978    -0.81178     0.10188
   0.94145     0.50037    -0.26036
   0.82937    -0.57269     0.07686
   0.11278     0.19201     0.42553
  -0.83600     0.11723    -0.17217
  -0.09142     0.92998    -0.39200
   0.13052    -0.12738    -0.67204
  -0.81693    -0.22774     0.89230


paso        = 1630
temperatura =   0.0028289262
 drmax       =   2.7295736217251790E-003
energia     = -19.7930181755753800132424658
 mejor energia=  -19.818279800399214     

 coordenadas atomicas
  -0.21994    -0.78791     0.28228
   0.90832     0.48610    -0.37703
   0.86480    -0.50478     0.16762
   0.10354     0.27443     0.37229
  -0.84947     0.04952    -0.17137
  -0.13769     0.82511    -0.57556
   0.11018    -0.25601    -0.63953
  -0.78555    -0.08633     0.93986


paso        = 1640
temperatura =   0.0026906204
 drmax       =   2.4758037385262392E-003
energia     = -19.7922395197058591520544724
 mejor energia=  -19.818279800399214     

 coordenadas atomicas
  -0.36932    -0.73227     0.24643
   0.90712     0.29043    -0.57198
   0.68644    -0.72545    -0.12921
   0.26351     0.17347     0.35563
  -0.81973     0.28503     0.07389
  -0.02975     0.91362    -0.41618
  -0.10924    -0.16178    -0.66927
  -0.52904    -0.04306     1.11069


paso        = 1650
temperatura =   0.0025590763
 drmax       =   2.4758037385262392E-003
energia     = -19.7951012025224599710782059
 mejor energia=  -19.818279800399214     

 coordenadas atomicas
  -0.38164    -0.66930     0.37163
   0.85110     0.15150    -0.67627
   0.61948    -0.79539    -0.11208
   0.31923     0.20516     0.30313
  -0.78015     0.34770     0.11018
  -0.01923     0.85940    -0.52520
  -0.18439    -0.23375    -0.62814
  -0.42524     0.12806     1.15150


paso        = 1660
temperatura =   0.0024339634
 drmax       =   2.4758037385262392E-003
energia     = -19.7984183969013187720520364
 mejor energia=  -19.818279800399214     

 coordenadas atomicas
  -0.37048    -0.69760     0.35802
   0.80886     0.19489    -0.73297
   0.59523    -0.79529    -0.20947
   0.33883     0.17145     0.28503
  -0.76577     0.34483     0.20307
  -0.03907     0.90355    -0.46022
  -0.23846    -0.18209    -0.62625
  -0.32504     0.05985     1.18000


paso        = 1670
temperatura =   0.0023149672
 drmax       =   2.4758037385262392E-003
energia     = -19.7969875853545929089705169
 mejor energia=  -19.818279800399214     

 coordenadas atomicas
  -0.52327    -0.61145     0.31348
   0.87422     0.03081    -0.66171
   0.45380    -0.88774    -0.16726
   0.33849     0.10045     0.30654
  -0.69004     0.49657     0.14547
   0.16948     0.88896    -0.44866
  -0.22774    -0.14557    -0.64394
  -0.39495     0.12798     1.15607


paso        = 1680
temperatura =   0.0022017888
 drmax       =   2.4758037385262392E-003
energia     = -19.8029574604499742918051197
 mejor energia=  -19.818279800399214     

 coordenadas atomicas
  -0.47458    -0.67379     0.26823
   0.90777     0.14218    -0.58321
   0.54368    -0.83256    -0.17647
   0.30837     0.11681     0.34347
  -0.74706     0.41273     0.10172
   0.11475     0.92307    -0.40605
  -0.16987    -0.13057    -0.67085
  -0.48306     0.04214     1.12317


paso        = 1690
temperatura =   0.0020941436
 drmax       =   2.2456269737199447E-003
energia     = -19.8028086186745042596157873
 mejor energia=  -19.818279800399214     

 coordenadas atomicas
  -0.38882    -0.67736     0.37123
   0.87006     0.16131    -0.64804
   0.61886    -0.78777    -0.10413
   0.30819     0.19028     0.31671
  -0.78186     0.34373     0.09330
  -0.00514     0.86173    -0.53249
  -0.17641    -0.22929    -0.63343
  -0.44489     0.13736     1.13685


paso        = 1700
temperatura =   0.0019917612
 drmax       =   2.2456269737199447E-003
energia     = -19.8083091057489397712743084
 mejor energia=  -19.818655550816683     

 coordenadas atomicas
  -0.38113    -0.72585     0.27755
   0.80565     0.24647    -0.70047
   0.58754    -0.77150    -0.28107
   0.34281     0.14226     0.30653
  -0.75969     0.34416     0.22695
  -0.01815     0.94434    -0.36516
  -0.24808    -0.11818    -0.64065
  -0.32689    -0.06292     1.17237


paso        = 1710
temperatura =   0.0018943843
 drmax       =   2.2456269737199447E-003
energia     = -19.8061766394774529942424124
 mejor energia=  -19.818769772845140     

 coordenadas atomicas
  -0.38315    -0.69869     0.33146
   0.70292     0.22004    -0.80192
   0.48970    -0.79633    -0.38715
   0.39224     0.10353     0.25605
  -0.68832     0.38241     0.34815
  -0.02083     0.94281    -0.35594
  -0.34786    -0.09114    -0.60123
  -0.14471    -0.06263     1.21058


paso        = 1720
temperatura =   0.0018017681
 drmax       =   2.0368498627845303E-003
energia     = -19.8015982633020932723866281
 mejor energia=  -19.819412916062539     

 coordenadas atomicas
  -0.32320    -0.70225     0.37011
   0.62808     0.22783    -0.87507
   0.48147    -0.79860    -0.40962
   0.40586     0.12010     0.21930
  -0.67524     0.36592     0.40007
  -0.07745     0.94010    -0.36235
  -0.38261    -0.11550    -0.57116
  -0.05691    -0.03760     1.22871


paso        = 1730
temperatura =   0.0017136798
 drmax       =   2.0368498627845303E-003
energia     = -19.8108977405228863233332959
 mejor energia=  -19.819412916062539     

 coordenadas atomicas
  -0.46627    -0.62981     0.36383
   0.68934     0.09247    -0.85001
   0.34585    -0.86839    -0.37171
   0.41178     0.05601     0.22986
  -0.60915     0.48298     0.37008
   0.10078     0.92786    -0.37242
  -0.38791    -0.04571    -0.58480
  -0.07860    -0.02071     1.21756


paso        = 1740
temperatura =   0.0016298983
 drmax       =   1.8474828687388030E-003
energia     = -19.8070911086031529180218058
 mejor energia=  -19.819412916062539     

 coordenadas atomicas
  -0.40864    -0.65717     0.37917
   0.66224     0.14014    -0.85327
   0.39124    -0.84664    -0.39328
   0.41141     0.08530     0.22066
  -0.62952     0.43896     0.38474
   0.03077     0.93460    -0.38440
  -0.39814    -0.07895    -0.57796
  -0.05937    -0.01624     1.22435


paso        = 1750
temperatura =   0.0015502128
 drmax       =   2.0368498627845303E-003
energia     = -19.8099799766446764692773286
 mejor energia=  -19.819412916062539     

 coordenadas atomicas
  -0.32492    -0.66094     0.43963
   0.59000     0.13564    -0.90613
   0.43367    -0.83907    -0.35613
   0.41996     0.13386     0.19113
  -0.64354     0.41505     0.39194
  -0.08047     0.90503    -0.44576
  -0.42119    -0.14684    -0.54021
   0.02649     0.05728     1.22552


paso        = 1760
temperatura =   0.0014744231
 drmax       =   2.0368498627845303E-003
energia     = -19.8068822591860715931488812
 mejor energia=  -19.819637728611411     

 coordenadas atomicas
  -0.27624    -0.63389     0.51277
   0.72273     0.10988    -0.81724
   0.65466    -0.76581    -0.11194
   0.34094     0.24626     0.22321
  -0.76993     0.33077     0.18909
  -0.15870     0.77875    -0.61841
  -0.27455    -0.32831    -0.55545
  -0.23891     0.26235     1.17797


paso        = 1770
temperatura =   0.0014023387
 drmax       =   1.8474828687388030E-003
energia     = -19.8090007405047501265471510
 mejor energia=  -19.819637728611411     

 coordenadas atomicas
  -0.28597    -0.59480     0.54106
   0.60773     0.00793    -0.90898
   0.51286    -0.84473    -0.18975
   0.40430     0.20151     0.17083
  -0.69025     0.42366     0.30304
  -0.12321     0.80542    -0.58953
  -0.39305    -0.27387    -0.51557
  -0.03240     0.27488     1.18888


paso        = 1780
temperatura =   0.0013337785
 drmax       =   1.8474828687388030E-003
energia     = -19.8091501572754893345518212
 mejor energia=  -19.819637728611411     

 coordenadas atomicas
  -0.24608    -0.63868     0.52121
   0.58852     0.09212    -0.91816
   0.56173    -0.80730    -0.23889
   0.39131     0.20419     0.17337
  -0.70772     0.36524     0.32341
  -0.17513     0.82839    -0.55329
  -0.38340    -0.27381    -0.51458
  -0.03309     0.22467     1.20679


paso        = 1790
temperatura =   0.0012685703
 drmax       =   1.8474828687388030E-003
energia     = -19.8110134974737910340536473
 mejor energia=  -19.819637728611411     

 coordenadas atomicas
  -0.22725    -0.66384     0.49588
   0.67236     0.16206    -0.84463
   0.66569    -0.73860    -0.17404
   0.34588     0.25121     0.20807
  -0.77580     0.28749     0.25856
  -0.21761     0.80146    -0.57708
  -0.29815    -0.30722    -0.55208
  -0.16339     0.20751     1.18718


paso        = 1800
temperatura =   0.0012065501
 drmax       =   1.8474828687388030E-003
energia     = -19.8091047799133015416828130
 mejor energia=  -19.819637728611411     

 coordenadas atomicas
  -0.34526    -0.63545     0.47268
   0.81447     0.09796    -0.73865
   0.64850    -0.76775    -0.04050
   0.31746     0.24805     0.25673
  -0.78807     0.32801     0.11399
  -0.07624     0.77864    -0.63215
  -0.21585    -0.31939    -0.58485
  -0.35717     0.26576     1.14547


paso        = 1810
temperatura =   0.0011475620
 drmax       =   1.6757214228923381E-003
energia     = -19.8097945563803179425121925
 mejor energia=  -19.820027980762973     

 coordenadas atomicas
  -0.40071    -0.58601     0.49617
   0.79301    -0.01699    -0.75872
   0.54110    -0.85320    -0.05658
   0.35444     0.20268     0.24509
  -0.73770     0.43363     0.13299
   0.01243     0.78733    -0.63389
  -0.28030    -0.28781    -0.57366
  -0.28136     0.31984     1.15083


paso        = 1820
temperatura =   0.0010914578
 drmax       =   1.5199287282470187E-003
energia     = -19.8074932594137713692816760
 mejor energia=  -19.820027980762973     

 coordenadas atomicas
  -0.28916    -0.49219     0.64297
   0.56493    -0.15892    -0.92668
   0.45658    -0.89823    -0.09047
   0.41842     0.19844     0.12113
  -0.64409     0.50721     0.26707
  -0.11879     0.71554    -0.70723
  -0.42563    -0.32903    -0.44725
   0.03805     0.46199     1.13844


paso        = 1830
temperatura =   0.0010380966
 drmax       =   1.6757214228923381E-003
energia     = -19.8162477935220522340387106
 mejor energia=  -19.820484202442767     

 coordenadas atomicas
  -0.20572    -0.57898     0.60211
   0.47148    -0.01186    -0.98434
   0.48847    -0.85481    -0.23423
   0.41915     0.20249     0.10363
  -0.64005     0.43198     0.37508
  -0.21026     0.78838    -0.59695
  -0.45784    -0.29130    -0.44196
   0.13477     0.31410     1.17666


paso        = 1840
temperatura =   0.0009873442
 drmax       =   1.5199287282470187E-003
energia     = -19.8108230053518461488692992
 mejor energia=  -19.820484202442767     

 coordenadas atomicas
  -0.17760    -0.59433     0.60835
   0.57663     0.03348    -0.93107
   0.62881    -0.76897    -0.15061
   0.37053     0.26700     0.13711
  -0.73328     0.33955     0.28802
  -0.26499     0.72784    -0.65087
  -0.35729    -0.36978    -0.47384
  -0.04118     0.36525     1.17292


paso        = 1850
temperatura =   0.0009390731
 drmax       =   1.3786201616753002E-003
energia     = -19.8148735446024240047790954
 mejor energia=  -19.820484202442767     

 coordenadas atomicas
  -0.16226    -0.58638     0.60052
   0.55174     0.03265    -0.94668
   0.62591    -0.77851    -0.17057
   0.37198     0.26734     0.12948
  -0.72583     0.34103     0.31548
  -0.27884     0.73268    -0.63624
  -0.37275    -0.36681    -0.46533
  -0.00994     0.35800     1.17334


paso        = 1860
temperatura =   0.0008931619
 drmax       =   1.5199287282470187E-003
energia     = -19.8159388858025913293658959
 mejor energia=  -19.820484202442767     

 coordenadas atomicas
  -0.18434    -0.55355     0.64157
   0.49490    -0.05170    -0.97610
   0.54119    -0.83851    -0.16634
   0.40198     0.23635     0.09322
  -0.67046     0.42175     0.33948
  -0.25321     0.72557    -0.66017
  -0.42876    -0.34708    -0.42562
   0.09801     0.40571     1.15133


paso        = 1870
temperatura =   0.0008494953
 drmax       =   1.5199287282470187E-003
energia     = -19.8177254727342457840677525
 mejor energia=  -19.820484202442767     

 coordenadas atomicas
  -0.15540    -0.58464     0.61390
   0.51688     0.01518    -0.96703
   0.60151    -0.78752    -0.18576
   0.38408     0.25891     0.11264
  -0.70931     0.35507     0.34103
  -0.28629     0.73657    -0.63097
  -0.39270    -0.36293    -0.44835
   0.04124     0.36938     1.16455


paso        = 1880
temperatura =   0.0008079636
 drmax       =   1.3786201616753002E-003
energia     = -19.8151474373248248639356461
 mejor energia=  -19.820484202442767     

 coordenadas atomicas
  -0.11157    -0.57952     0.62588
   0.41836     0.00726    -1.01353
   0.56119    -0.80488    -0.24552
   0.39679     0.25047     0.07434
  -0.65615     0.37807     0.40931
