-42.55897049
-43.39594139
-43.48015748
-44.88566526
-44.88566526
-44.88566526
-44.88566526
-44.88566526
-44.88566526
-44.88566526
-44.88566526
-43.26667736
-44.88566526
-44.88566526
-43.66290062
-44.88566526
-42.43711037
-44.88566526
-44.88566526
-44.88566526
-44.88566526
-44.88566526
-44.88566526
-43.29917729
-42.85782389
-44.88566526
-44.88566526
-44.88566526
-44.88566526
-44.88566526
-44.88566526
-44.88566526
-44.88566526
-44.88566526
-44.88566526
-43.26667736
-44.88566526
-44.88566526
-44.88566526
-44.88566526
-44.88566526
-44.88566526
-44.88566526
-44.88566526
-44.88566526
-44.88566526
-44.88566526
-43.46135145
-44.88566526
-44.88566526
-44.88566526
-44.88566526
-42.97596165
-44.88566526
-44.88566526
-44.88566526
-44.88566526
-44.88566526
-44.88566526
-44.88566526
-44.88566526
-44.88566526
-44.88566526
-44.88566526
-44.88566526
-44.88566526
-44.88566526
-44.88566526
-42.82714775
-44.88566526
-43.59903659
-44.88566526
-44.88566526
-44.88566526
-44.88566526
-44.88566526
-44.88566526
-43.26667736
-44.88566526
-44.88566526
-44.88566526
-44.88566526
-44.88566526
-44.88566526
-44.88566526
-44.88566526
-44.88566526
-44.88566526
-44.88566526
-44.88566526
-44.88566526
-44.88566526
-44.88566526
-44.88566526
-44.88566526
-44.88566526
-44.88566526
-44.88566526
-44.88566526
-43.5080039
